GloveManager recording started on 10/20/16 at 16:16:09

,,Glove 1,Glove 1,Glove 1,Glove 1,Glove 1,Glove 1,Glove 1,Glove 1,Glove 1,Glove 1,Glove 1,Glove 1,Glove 1,Glove 1,,Glove 1 Scaled,Glove 1 Scaled,Glove 1 Scaled,Glove 1 Scaled,Glove 1 Scaled,Glove 1 Scaled,Glove 1 Scaled,Glove 1 Scaled,Glove 1 Scaled,Glove 1 Scaled,Glove 1 Scaled,Glove 1 Scaled,Glove 1 Scaled,Glove 1 Scaled
delta time (s), absolute time (s),Thumb Near,Thumb Far,Thumb/Index,Index Near,Index Far,Index/Middle,Middle Near,Middle Far,Middle/Ring,Ring Near,Ring Far,Ring/Little,Little Near,Little Far,,Thumb Near,Thumb Far,Thumb/Index,Index Near,Index Far,Index/Middle,Middle Near,Middle Far,Middle/Ring,Ring Near,Ring Far,Ring/Little,Little Near,Little Far
0.017463,0.017463,1294,1921,1230,2029,2274,2059,2088,3014,2901,1125,3265,2878,1465,2670,,0.480076,0.143141,0.123636,0.368304,0.174658,0.535347,0.279570,0.777695,0.849650,0.093923,0.673196,0.839002,0.150000,0.494261
0.018004,0.035467,1294,1920,1230,2029,2274,2060,2088,3013,2901,1126,3265,2878,1464,2671,,0.480076,0.142147,0.123636,0.368304,0.174658,0.535952,0.279570,0.776946,0.849650,0.094843,0.673196,0.839002,0.148936,0.494978
0.018008,0.053476,1293,1920,1230,2029,2273,2059,2088,3013,2901,1125,3265,2878,1466,2671,,0.479127,0.142147,0.123636,0.368304,0.173973,0.535347,0.279570,0.776946,0.849650,0.093923,0.673196,0.839002,0.151064,0.494978
0.017997,0.071473,1293,1919,1231,2028,2273,2059,2088,3013,2901,1126,3264,2878,1465,2671,,0.479127,0.141153,0.124545,0.367188,0.173973,0.535347,0.279570,0.776946,0.849650,0.094843,0.672165,0.839002,0.150000,0.494978
0.018002,0.089474,1293,1919,1232,2029,2274,2057,2089,3012,2900,1126,3264,2877,1465,2671,,0.479127,0.141153,0.125455,0.368304,0.174658,0.534139,0.280547,0.776198,0.848485,0.094843,0.672165,0.838246,0.150000,0.494978
0.017995,0.107470,1293,1919,1232,2028,2274,2057,2089,3012,2900,1126,3263,2877,1465,2671,,0.479127,0.141153,0.125455,0.367188,0.174658,0.534139,0.280547,0.776198,0.848485,0.094843,0.671134,0.838246,0.150000,0.494978
0.017999,0.125469,1293,1919,1232,2028,2273,2056,2090,3011,2900,1126,3262,2876,1466,2671,,0.479127,0.141153,0.125455,0.367188,0.173973,0.533535,0.281525,0.775449,0.848485,0.094843,0.670103,0.837491,0.151064,0.494978
0.017969,0.143438,1294,1919,1233,2026,2273,2055,2090,3008,2899,1126,3260,2876,1467,2671,,0.480076,0.141153,0.126364,0.364955,0.173973,0.532930,0.281525,0.773204,0.847319,0.094843,0.668041,0.837491,0.152128,0.494978
0.018036,0.161474,1294,1918,1233,2026,2273,2055,2091,3008,2899,1126,3258,2876,1466,2672,,0.480076,0.140159,0.126364,0.364955,0.173973,0.532930,0.282502,0.773204,0.847319,0.094843,0.665979,0.837491,0.151064,0.495696
0.018020,0.179494,1293,1917,1233,2025,2273,2054,2092,3007,2898,1126,3259,2876,1467,2673,,0.479127,0.139165,0.126364,0.363839,0.173973,0.532326,0.283480,0.772455,0.846154,0.094843,0.667010,0.837491,0.152128,0.496413
0.017950,0.197443,1294,1919,1233,2025,2273,2053,2091,3008,2898,1127,3258,2876,1467,2674,,0.480076,0.141153,0.126364,0.363839,0.173973,0.531722,0.282502,0.773204,0.846154,0.095764,0.665979,0.837491,0.152128,0.497131
0.018041,0.215484,1294,1919,1233,2025,2273,2052,2093,3007,2898,1127,3257,2876,1467,2675,,0.480076,0.141153,0.126364,0.363839,0.173973,0.531118,0.284457,0.772455,0.846154,0.095764,0.664948,0.837491,0.152128,0.497848
0.017995,0.233480,1294,1918,1234,2025,2274,2051,2093,3007,2898,1127,3257,2876,1468,2675,,0.480076,0.140159,0.127273,0.363839,0.174658,0.530514,0.284457,0.772455,0.846154,0.095764,0.664948,0.837491,0.153191,0.497848
0.018066,0.251546,1294,1918,1234,2025,2274,2051,2093,3007,2898,1127,3257,2876,1468,2675,,0.480076,0.140159,0.127273,0.363839,0.174658,0.530514,0.284457,0.772455,0.846154,0.095764,0.664948,0.837491,0.153191,0.497848
0.017911,0.269457,1294,1919,1234,2024,2275,2048,2095,3006,2897,1127,3257,2876,1470,2675,,0.480076,0.141153,0.127273,0.362723,0.175342,0.528701,0.286413,0.771707,0.844988,0.095764,0.664948,0.837491,0.155319,0.497848
0.018015,0.287472,1294,1919,1234,2024,2275,2047,2094,3006,2897,1128,3256,2877,1469,2675,,0.480076,0.141153,0.127273,0.362723,0.175342,0.528097,0.285435,0.771707,0.844988,0.096685,0.663918,0.838246,0.154255,0.497848
0.018020,0.305491,1293,1919,1234,2023,2275,2048,2095,3006,2896,1127,3256,2876,1470,2676,,0.479127,0.141153,0.127273,0.361607,0.175342,0.528701,0.286413,0.771707,0.843823,0.095764,0.663918,0.837491,0.155319,0.498565
0.018016,0.323508,1294,1919,1233,2023,2276,2046,2095,3005,2896,1128,3256,2876,1469,2676,,0.480076,0.141153,0.126364,0.361607,0.176027,0.527492,0.286413,0.770958,0.843823,0.096685,0.663918,0.837491,0.154255,0.498565
0.017955,0.341462,1293,1919,1232,2023,2276,2046,2095,3004,2896,1127,3255,2875,1469,2676,,0.479127,0.141153,0.125455,0.361607,0.176027,0.527492,0.286413,0.770210,0.843823,0.095764,0.662887,0.836735,0.154255,0.498565
0.018001,0.359463,1293,1918,1232,2023,2275,2046,2095,3005,2896,1127,3256,2876,1470,2675,,0.479127,0.140159,0.125455,0.361607,0.175342,0.527492,0.286413,0.770958,0.843823,0.095764,0.663918,0.837491,0.155319,0.497848
0.018014,0.377477,1293,1918,1232,2023,2275,2046,2095,3005,2896,1127,3256,2876,1470,2675,,0.479127,0.140159,0.125455,0.361607,0.175342,0.527492,0.286413,0.770958,0.843823,0.095764,0.663918,0.837491,0.155319,0.497848
0.018002,0.395480,1294,1919,1232,2023,2275,2045,2096,3005,2896,1128,3255,2876,1471,2675,,0.480076,0.141153,0.125455,0.361607,0.175342,0.526888,0.287390,0.770958,0.843823,0.096685,0.662887,0.837491,0.156383,0.497848
0.017998,0.413478,1294,1919,1231,2023,2276,2046,2097,3005,2896,1127,3254,2876,1471,2675,,0.480076,0.141153,0.124545,0.361607,0.176027,0.527492,0.288368,0.770958,0.843823,0.095764,0.661856,0.837491,0.156383,0.497848
0.018001,0.431479,1294,1919,1231,2023,2276,2046,2097,3005,2896,1127,3254,2876,1471,2675,,0.480076,0.141153,0.124545,0.361607,0.176027,0.527492,0.288368,0.770958,0.843823,0.095764,0.661856,0.837491,0.156383,0.497848
0.018003,0.449483,1294,1919,1230,2022,2275,2046,2098,3004,2895,1128,3253,2877,1472,2674,,0.480076,0.141153,0.123636,0.360491,0.175342,0.527492,0.289345,0.770210,0.842657,0.096685,0.660825,0.838246,0.157447,0.497131
0.017986,0.467468,1294,1918,1230,2023,2275,2045,2097,3003,2895,1127,3253,2876,1472,2675,,0.480076,0.140159,0.123636,0.361607,0.175342,0.526888,0.288368,0.769461,0.842657,0.095764,0.660825,0.837491,0.157447,0.497848
0.018017,0.485486,1294,1919,1229,2023,2274,2045,2098,3004,2894,1128,3254,2876,1472,2676,,0.480076,0.141153,0.122727,0.361607,0.174658,0.526888,0.289345,0.770210,0.841492,0.096685,0.661856,0.837491,0.157447,0.498565
0.017996,0.503482,1294,1919,1229,2023,2274,2045,2098,3004,2894,1128,3254,2876,1472,2676,,0.480076,0.141153,0.122727,0.361607,0.174658,0.526888,0.289345,0.770210,0.841492,0.096685,0.661856,0.837491,0.157447,0.498565
0.017999,0.521481,1294,1919,1229,2023,2275,2045,2098,3004,2895,1128,3254,2877,1473,2678,,0.480076,0.141153,0.122727,0.361607,0.175342,0.526888,0.289345,0.770210,0.842657,0.096685,0.661856,0.838246,0.158511,0.500000
0.017980,0.539461,1294,1919,1229,2022,2276,2045,2098,3004,2895,1129,3254,2877,1473,2678,,0.480076,0.141153,0.122727,0.360491,0.176027,0.526888,0.289345,0.770210,0.842657,0.097606,0.661856,0.838246,0.158511,0.500000
0.018027,0.557488,1294,1919,1229,2023,2275,2045,2099,3004,2894,1129,3254,2877,1474,2679,,0.480076,0.141153,0.122727,0.361607,0.175342,0.526888,0.290323,0.770210,0.841492,0.097606,0.661856,0.838246,0.159574,0.500717
0.017999,0.575487,1294,1919,1229,2023,2275,2045,2100,3004,2894,1129,3253,2877,1474,2680,,0.480076,0.141153,0.122727,0.361607,0.175342,0.526888,0.291300,0.770210,0.841492,0.097606,0.660825,0.838246,0.159574,0.501435
0.017953,0.593440,1295,1919,1229,2023,2276,2045,2099,3004,2895,1129,3253,2877,1474,2679,,0.481025,0.141153,0.122727,0.361607,0.176027,0.526888,0.290323,0.770210,0.842657,0.097606,0.660825,0.838246,0.159574,0.500717
0.018062,0.611503,1294,1919,1229,2022,2275,2045,2099,3004,2894,1128,3252,2877,1473,2680,,0.480076,0.141153,0.122727,0.360491,0.175342,0.526888,0.290323,0.770210,0.841492,0.096685,0.659794,0.838246,0.158511,0.501435
0.017988,0.629491,1295,1920,1228,2023,2275,2046,2100,3004,2894,1128,3253,2877,1474,2681,,0.481025,0.142147,0.121818,0.361607,0.175342,0.527492,0.291300,0.770210,0.841492,0.096685,0.660825,0.838246,0.159574,0.502152
0.018005,0.647496,1295,1920,1228,2023,2274,2045,2099,3004,2895,1128,3253,2877,1473,2682,,0.481025,0.142147,0.121818,0.361607,0.174658,0.526888,0.290323,0.770210,0.842657,0.096685,0.660825,0.838246,0.158511,0.502869
0.017972,0.665468,1294,1919,1228,2023,2275,2045,2100,3004,2894,1128,3254,2877,1473,2682,,0.480076,0.141153,0.121818,0.361607,0.175342,0.526888,0.291300,0.770210,0.841492,0.096685,0.661856,0.838246,0.158511,0.502869
0.018054,0.683522,1294,1919,1227,2023,2274,2044,2100,3004,2893,1128,3254,2877,1473,2683,,0.480076,0.141153,0.120909,0.361607,0.174658,0.526284,0.291300,0.770210,0.840326,0.096685,0.661856,0.838246,0.158511,0.503587
0.018015,0.701537,1294,1919,1227,2022,2274,2044,2100,3005,2893,1128,3253,2877,1474,2684,,0.480076,0.141153,0.120909,0.360491,0.174658,0.526284,0.291300,0.770958,0.840326,0.096685,0.660825,0.838246,0.159574,0.504304
0.017960,0.719497,1295,1919,1226,2024,2275,2045,2102,3004,2894,1127,3253,2877,1475,2685,,0.481025,0.141153,0.120000,0.362723,0.175342,0.526888,0.293255,0.770210,0.841492,0.095764,0.660825,0.838246,0.160638,0.505022
0.018025,0.737522,1295,1919,1226,2024,2275,2045,2102,3004,2894,1127,3253,2877,1475,2685,,0.481025,0.141153,0.120000,0.362723,0.175342,0.526888,0.293255,0.770210,0.841492,0.095764,0.660825,0.838246,0.160638,0.505022
0.017980,0.755502,1294,1918,1226,2022,2275,2044,2102,3003,2893,1128,3254,2877,1474,2685,,0.480076,0.140159,0.120000,0.360491,0.175342,0.526284,0.293255,0.769461,0.840326,0.096685,0.661856,0.838246,0.159574,0.505022
0.018003,0.773505,1295,1919,1226,2022,2274,2045,2102,3004,2892,1128,3254,2877,1475,2685,,0.481025,0.141153,0.120000,0.360491,0.174658,0.526888,0.293255,0.770210,0.839161,0.096685,0.661856,0.838246,0.160638,0.505022
0.017993,0.791497,1294,1919,1226,2023,2275,2044,2103,3003,2893,1129,3253,2877,1476,2685,,0.480076,0.141153,0.120000,0.361607,0.175342,0.526284,0.294233,0.769461,0.840326,0.097606,0.660825,0.838246,0.161702,0.505022
0.017952,0.809450,1294,1919,1226,2023,2274,2045,2103,3002,2892,1128,3253,2877,1474,2684,,0.480076,0.141153,0.120000,0.361607,0.174658,0.526888,0.294233,0.768713,0.839161,0.096685,0.660825,0.838246,0.159574,0.504304
0.018049,0.827498,1294,1918,1227,2022,2274,2045,2103,3002,2892,1128,3253,2877,1475,2684,,0.480076,0.140159,0.120909,0.360491,0.174658,0.526888,0.294233,0.768713,0.839161,0.096685,0.660825,0.838246,0.160638,0.504304
0.018007,0.845505,1294,1919,1226,2022,2274,2045,2103,3002,2892,1128,3254,2877,1476,2685,,0.480076,0.141153,0.120000,0.360491,0.174658,0.526888,0.294233,0.768713,0.839161,0.096685,0.661856,0.838246,0.161702,0.505022
0.017994,0.863500,1295,1918,1226,2022,2274,2044,2103,3002,2893,1128,3253,2878,1476,2685,,0.481025,0.140159,0.120000,0.360491,0.174658,0.526284,0.294233,0.768713,0.840326,0.096685,0.660825,0.839002,0.161702,0.505022
0.018000,0.881500,1294,1919,1226,2021,2275,2043,2103,3003,2892,1128,3253,2877,1477,2685,,0.480076,0.141153,0.120000,0.359375,0.175342,0.525680,0.294233,0.769461,0.839161,0.096685,0.660825,0.838246,0.162766,0.505022
0.018001,0.899501,1294,1918,1225,2021,2274,2043,2103,3002,2892,1128,3253,2877,1476,2685,,0.480076,0.140159,0.119091,0.359375,0.174658,0.525680,0.294233,0.768713,0.839161,0.096685,0.660825,0.838246,0.161702,0.505022
0.018000,0.917501,1294,1919,1225,2021,2274,2043,2103,3003,2893,1129,3253,2877,1477,2686,,0.480076,0.141153,0.119091,0.359375,0.174658,0.525680,0.294233,0.769461,0.840326,0.097606,0.660825,0.838246,0.162766,0.505739
0.017980,0.935481,1294,1919,1225,2021,2274,2044,2104,3003,2893,1129,3252,2877,1477,2686,,0.480076,0.141153,0.119091,0.359375,0.174658,0.526284,0.295210,0.769461,0.840326,0.097606,0.659794,0.838246,0.162766,0.505739
