GloveManager recording started on 10/20/16 at 16:16:23

,,Glove 1,Glove 1,Glove 1,Glove 1,Glove 1,Glove 1,Glove 1,Glove 1,Glove 1,Glove 1,Glove 1,Glove 1,Glove 1,Glove 1,,Glove 1 Scaled,Glove 1 Scaled,Glove 1 Scaled,Glove 1 Scaled,Glove 1 Scaled,Glove 1 Scaled,Glove 1 Scaled,Glove 1 Scaled,Glove 1 Scaled,Glove 1 Scaled,Glove 1 Scaled,Glove 1 Scaled,Glove 1 Scaled,Glove 1 Scaled
delta time (s), absolute time (s),Thumb Near,Thumb Far,Thumb/Index,Index Near,Index Far,Index/Middle,Middle Near,Middle Far,Middle/Ring,Ring Near,Ring Far,Ring/Little,Little Near,Little Far,,Thumb Near,Thumb Far,Thumb/Index,Index Near,Index Far,Index/Middle,Middle Near,Middle Far,Middle/Ring,Ring Near,Ring Far,Ring/Little,Little Near,Little Far
0.017483,0.017483,1290,2155,1298,2255,2984,2283,2076,3072,2925,1117,3303,2927,1441,2878,,0.476281,0.375746,0.185455,0.620536,0.660959,0.670695,0.267840,0.821108,0.877622,0.086556,0.712371,0.876039,0.124468,0.643472
0.018050,0.035533,1289,2155,1298,2256,2984,2283,2076,3072,2925,1116,3304,2926,1441,2878,,0.475332,0.375746,0.185455,0.621652,0.660959,0.670695,0.267840,0.821108,0.877622,0.085635,0.713402,0.875283,0.124468,0.643472
0.017974,0.053507,1289,2155,1298,2256,2984,2283,2076,3072,2925,1116,3304,2926,1441,2878,,0.475332,0.375746,0.185455,0.621652,0.660959,0.670695,0.267840,0.821108,0.877622,0.085635,0.713402,0.875283,0.124468,0.643472
0.018014,0.071521,1290,2156,1297,2257,2983,2282,2077,3072,2925,1116,3302,2926,1441,2878,,0.476281,0.376740,0.184545,0.622768,0.660274,0.670091,0.268817,0.821108,0.877622,0.085635,0.711340,0.875283,0.124468,0.643472
0.018023,0.089544,1289,2155,1297,2257,2984,2283,2077,3072,2926,1116,3302,2926,1441,2878,,0.475332,0.375746,0.184545,0.622768,0.660959,0.670695,0.268817,0.821108,0.878788,0.085635,0.711340,0.875283,0.124468,0.643472
0.017960,0.107504,1290,2156,1298,2257,2984,2283,2076,3072,2925,1116,3304,2927,1442,2878,,0.476281,0.376740,0.185455,0.622768,0.660959,0.670695,0.267840,0.821108,0.877622,0.085635,0.713402,0.876039,0.125532,0.643472
0.018020,0.125524,1290,2156,1298,2257,2984,2283,2076,3072,2925,1116,3304,2927,1442,2878,,0.476281,0.376740,0.185455,0.622768,0.660959,0.670695,0.267840,0.821108,0.877622,0.085635,0.713402,0.876039,0.125532,0.643472
0.018015,0.143538,1290,2156,1298,2257,2985,2283,2076,3072,2925,1116,3303,2926,1441,2877,,0.476281,0.376740,0.185455,0.622768,0.661644,0.670695,0.267840,0.821108,0.877622,0.085635,0.712371,0.875283,0.124468,0.642755
0.018007,0.161546,1290,2155,1299,2257,2984,2283,2076,3072,2926,1116,3304,2926,1442,2876,,0.476281,0.375746,0.186364,0.622768,0.660959,0.670695,0.267840,0.821108,0.878788,0.085635,0.713402,0.875283,0.125532,0.642037
0.017997,0.179543,1290,2156,1299,2257,2983,2283,2077,3072,2926,1117,3304,2927,1442,2876,,0.476281,0.376740,0.186364,0.622768,0.660274,0.670695,0.268817,0.821108,0.878788,0.086556,0.713402,0.876039,0.125532,0.642037
0.017999,0.197542,1290,2156,1298,2257,2984,2282,2076,3072,2926,1116,3304,2927,1441,2876,,0.476281,0.376740,0.185455,0.622768,0.660959,0.670091,0.267840,0.821108,0.878788,0.085635,0.713402,0.876039,0.124468,0.642037
0.018002,0.215544,1290,2155,1298,2257,2984,2282,2075,3072,2926,1116,3304,2927,1441,2876,,0.476281,0.375746,0.185455,0.622768,0.660959,0.670091,0.266862,0.821108,0.878788,0.085635,0.713402,0.876039,0.124468,0.642037
0.017972,0.233516,1290,2155,1299,2258,2984,2282,2076,3072,2926,1115,3303,2926,1441,2877,,0.476281,0.375746,0.186364,0.623884,0.660959,0.670091,0.267840,0.821108,0.878788,0.084715,0.712371,0.875283,0.124468,0.642755
0.018038,0.251554,1290,2156,1299,2258,2984,2281,2076,3072,2925,1116,3303,2926,1441,2877,,0.476281,0.376740,0.186364,0.623884,0.660959,0.669486,0.267840,0.821108,0.877622,0.085635,0.712371,0.875283,0.124468,0.642755
0.017990,0.269544,1290,2156,1299,2257,2984,2281,2076,3073,2925,1115,3303,2926,1441,2876,,0.476281,0.376740,0.186364,0.622768,0.660959,0.669486,0.267840,0.821856,0.877622,0.084715,0.712371,0.875283,0.124468,0.642037
0.018012,0.287556,1289,2156,1299,2258,2984,2281,2076,3072,2925,1115,3304,2926,1441,2877,,0.475332,0.376740,0.186364,0.623884,0.660959,0.669486,0.267840,0.821108,0.877622,0.084715,0.713402,0.875283,0.124468,0.642755
0.017993,0.305549,1290,2156,1299,2257,2984,2281,2076,3073,2925,1115,3304,2926,1442,2877,,0.476281,0.376740,0.186364,0.622768,0.660959,0.669486,0.267840,0.821856,0.877622,0.084715,0.713402,0.875283,0.125532,0.642755
0.017998,0.323547,1289,2156,1298,2258,2984,2281,2076,3073,2926,1114,3303,2926,1441,2879,,0.475332,0.376740,0.185455,0.623884,0.660959,0.669486,0.267840,0.821856,0.878788,0.083794,0.712371,0.875283,0.124468,0.644189
0.018012,0.341559,1290,2156,1299,2258,2985,2281,2076,3073,2926,1114,3304,2927,1441,2879,,0.476281,0.376740,0.186364,0.623884,0.661644,0.669486,0.267840,0.821856,0.878788,0.083794,0.713402,0.876039,0.124468,0.644189
0.017997,0.359556,1289,2157,1299,2259,2984,2281,2077,3073,2925,1114,3304,2927,1442,2880,,0.475332,0.377734,0.186364,0.625000,0.660959,0.669486,0.268817,0.821856,0.877622,0.083794,0.713402,0.876039,0.125532,0.644907
0.017991,0.377547,1291,2156,1300,2257,2984,2281,2076,3072,2925,1113,3303,2926,1441,2880,,0.477230,0.376740,0.187273,0.622768,0.660959,0.669486,0.267840,0.821108,0.877622,0.082873,0.712371,0.875283,0.124468,0.644907
0.018010,0.395557,1290,2155,1299,2258,2984,2281,2076,3072,2925,1114,3304,2927,1441,2880,,0.476281,0.375746,0.186364,0.623884,0.660959,0.669486,0.267840,0.821108,0.877622,0.083794,0.713402,0.876039,0.124468,0.644907
0.017982,0.413539,1290,2156,1301,2258,2985,2280,2075,3072,2925,1113,3303,2926,1440,2881,,0.476281,0.376740,0.188182,0.623884,0.661644,0.668882,0.266862,0.821108,0.877622,0.082873,0.712371,0.875283,0.123404,0.645624
0.018011,0.431550,1290,2156,1301,2258,2985,2281,2076,3073,2926,1113,3304,2926,1442,2881,,0.476281,0.376740,0.188182,0.623884,0.661644,0.669486,0.267840,0.821856,0.878788,0.082873,0.713402,0.875283,0.125532,0.645624
0.017993,0.449543,1290,2156,1301,2257,2984,2280,2076,3073,2925,1114,3304,2926,1441,2881,,0.476281,0.376740,0.188182,0.622768,0.660959,0.668882,0.267840,0.821856,0.877622,0.083794,0.713402,0.875283,0.124468,0.645624
0.018011,0.467554,1290,2156,1301,2257,2984,2280,2076,3073,2925,1114,3304,2926,1441,2881,,0.476281,0.376740,0.188182,0.622768,0.660959,0.668882,0.267840,0.821856,0.877622,0.083794,0.713402,0.875283,0.124468,0.645624
0.018009,0.485563,1291,2157,1303,2257,2985,2281,2077,3072,2925,1114,3303,2926,1441,2881,,0.477230,0.377734,0.190000,0.622768,0.661644,0.669486,0.268817,0.821108,0.877622,0.083794,0.712371,0.875283,0.124468,0.645624
0.017995,0.503558,1291,2157,1302,2257,2984,2280,2076,3073,2925,1113,3304,2927,1441,2882,,0.477230,0.377734,0.189091,0.622768,0.660959,0.668882,0.267840,0.821856,0.877622,0.082873,0.713402,0.876039,0.124468,0.646341
0.017959,0.521517,1291,2157,1302,2258,2985,2280,2077,3073,2925,1114,3304,2927,1442,2881,,0.477230,0.377734,0.189091,0.623884,0.661644,0.668882,0.268817,0.821856,0.877622,0.083794,0.713402,0.876039,0.125532,0.645624
0.018041,0.539558,1291,2157,1302,2258,2985,2280,2077,3073,2925,1114,3304,2927,1442,2881,,0.477230,0.377734,0.189091,0.623884,0.661644,0.668882,0.268817,0.821856,0.877622,0.083794,0.713402,0.876039,0.125532,0.645624
0.018003,0.557561,1291,2157,1303,2258,2984,2280,2076,3073,2925,1113,3304,2927,1441,2881,,0.477230,0.377734,0.190000,0.623884,0.660959,0.668882,0.267840,0.821856,0.877622,0.082873,0.713402,0.876039,0.124468,0.645624
0.017994,0.575554,1290,2157,1303,2257,2985,2280,2076,3072,2925,1113,3304,2926,1442,2881,,0.476281,0.377734,0.190000,0.622768,0.661644,0.668882,0.267840,0.821108,0.877622,0.082873,0.713402,0.875283,0.125532,0.645624
0.018003,0.593558,1290,2157,1302,2257,2984,2280,2076,3072,2925,1113,3304,2927,1442,2882,,0.476281,0.377734,0.189091,0.622768,0.660959,0.668882,0.267840,0.821108,0.877622,0.082873,0.713402,0.876039,0.125532,0.646341
0.018013,0.611570,1291,2157,1303,2258,2984,2280,2077,3073,2925,1113,3303,2926,1442,2881,,0.477230,0.377734,0.190000,0.623884,0.660959,0.668882,0.268817,0.821856,0.877622,0.082873,0.712371,0.875283,0.125532,0.645624
0.017993,0.629563,1291,2157,1303,2257,2985,2280,2077,3073,2926,1114,3303,2926,1441,2881,,0.477230,0.377734,0.190000,0.622768,0.661644,0.668882,0.268817,0.821856,0.878788,0.083794,0.712371,0.875283,0.124468,0.645624
0.017973,0.647536,1291,2157,1303,2257,2984,2280,2077,3073,2926,1113,3303,2926,1442,2882,,0.477230,0.377734,0.190000,0.622768,0.660959,0.668882,0.268817,0.821856,0.878788,0.082873,0.712371,0.875283,0.125532,0.646341
0.018042,0.665579,1290,2158,1304,2257,2984,2280,2076,3072,2926,1113,3303,2926,1441,2881,,0.476281,0.378728,0.190909,0.622768,0.660959,0.668882,0.267840,0.821108,0.878788,0.082873,0.712371,0.875283,0.124468,0.645624
0.017987,0.683565,1290,2157,1303,2257,2984,2279,2076,3072,2925,1112,3303,2925,1440,2882,,0.476281,0.377734,0.190000,0.622768,0.660959,0.668278,0.267840,0.821108,0.877622,0.081952,0.712371,0.874528,0.123404,0.646341
0.018006,0.701571,1291,2158,1303,2257,2983,2278,2077,3073,2926,1112,3303,2925,1441,2882,,0.477230,0.378728,0.190000,0.622768,0.660274,0.667674,0.268817,0.821856,0.878788,0.081952,0.712371,0.874528,0.124468,0.646341
0.017995,0.719567,1290,2157,1304,2256,2984,2279,2076,3073,2925,1112,3304,2926,1440,2881,,0.476281,0.377734,0.190909,0.621652,0.660959,0.668278,0.267840,0.821856,0.877622,0.081952,0.713402,0.875283,0.123404,0.645624
0.018011,0.737577,1291,2157,1304,2257,2983,2278,2076,3073,2926,1112,3304,2926,1440,2881,,0.477230,0.377734,0.190909,0.622768,0.660274,0.667674,0.267840,0.821856,0.878788,0.081952,0.713402,0.875283,0.123404,0.645624
0.017994,0.755571,1290,2158,1304,2256,2983,2278,2076,3072,2925,1112,3304,2926,1441,2882,,0.476281,0.378728,0.190909,0.621652,0.660274,0.667674,0.267840,0.821108,0.877622,0.081952,0.713402,0.875283,0.124468,0.646341
0.018000,0.773571,1292,2158,1304,2257,2984,2279,2077,3073,2925,1112,3303,2926,1441,2882,,0.478178,0.378728,0.190909,0.622768,0.660959,0.668278,0.268817,0.821856,0.877622,0.081952,0.712371,0.875283,0.124468,0.646341
0.017948,0.791519,1292,2158,1305,2257,2983,2277,2076,3073,2926,1112,3304,2926,1440,2882,,0.478178,0.378728,0.191818,0.622768,0.660274,0.667069,0.267840,0.821856,0.878788,0.081952,0.713402,0.875283,0.123404,0.646341
0.018062,0.809581,1290,2158,1305,2256,2983,2278,2076,3073,2925,1111,3303,2926,1441,2882,,0.476281,0.378728,0.191818,0.621652,0.660274,0.667674,0.267840,0.821856,0.877622,0.081031,0.712371,0.875283,0.124468,0.646341
0.018001,0.827583,1291,2158,1306,2256,2983,2278,2077,3073,2925,1111,3304,2926,1442,2883,,0.477230,0.378728,0.192727,0.621652,0.660274,0.667674,0.268817,0.821856,0.877622,0.081031,0.713402,0.875283,0.125532,0.647059
0.018000,0.845583,1290,2159,1306,2256,2983,2278,2078,3072,2926,1112,3304,2926,1442,2883,,0.476281,0.379722,0.192727,0.621652,0.660274,0.667674,0.269795,0.821108,0.878788,0.081952,0.713402,0.875283,0.125532,0.647059
0.017954,0.863536,1291,2159,1307,2257,2983,2278,2077,3073,2926,1111,3304,2926,1441,2883,,0.477230,0.379722,0.193636,0.622768,0.660274,0.667674,0.268817,0.821856,0.878788,0.081031,0.713402,0.875283,0.124468,0.647059
0.018058,0.881594,1291,2159,1307,2257,2983,2278,2077,3073,2926,1111,3304,2926,1441,2883,,0.477230,0.379722,0.193636,0.622768,0.660274,0.667674,0.268817,0.821856,0.878788,0.081031,0.713402,0.875283,0.124468,0.647059
0.017934,0.899528,1290,2159,1306,2256,2983,2277,2078,3073,2926,1111,3303,2926,1442,2883,,0.476281,0.379722,0.192727,0.621652,0.660274,0.667069,0.269795,0.821856,0.878788,0.081031,0.712371,0.875283,0.125532,0.647059
0.018019,0.917547,1290,2158,1306,2257,2983,2277,2077,3072,2925,1111,3304,2926,1442,2883,,0.476281,0.378728,0.192727,0.622768,0.660274,0.667069,0.268817,0.821108,0.877622,0.081031,0.713402,0.875283,0.125532,0.647059
0.018034,0.935581,1291,2159,1307,2257,2983,2276,2077,3072,2925,1111,3304,2926,1441,2883,,0.477230,0.379722,0.193636,0.622768,0.660274,0.666465,0.268817,0.821108,0.877622,0.081031,0.713402,0.875283,0.124468,0.647059
0.017993,0.953574,1291,2159,1307,2256,2983,2277,2077,3072,2925,1110,3303,2926,1442,2884,,0.477230,0.379722,0.193636,0.621652,0.660274,0.667069,0.268817,0.821108,0.877622,0.080110,0.712371,0.875283,0.125532,0.647776
0.018005,0.971579,1291,2159,1307,2256,2983,2277,2077,3072,2925,1110,3303,2926,1442,2884,,0.477230,0.379722,0.193636,0.621652,0.660274,0.667069,0.268817,0.821108,0.877622,0.080110,0.712371,0.875283,0.125532,0.647776
0.017986,0.989565,1291,2160,1308,2257,2983,2277,2078,3072,2925,1111,3304,2925,1442,2883,,0.477230,0.380716,0.194545,0.622768,0.660274,0.667069,0.269795,0.821108,0.877622,0.081031,0.713402,0.874528,0.125532,0.647059
0.018022,1.007586,1291,2159,1308,2257,2983,2277,2078,3072,2926,1112,3303,2926,1443,2884,,0.477230,0.379722,0.194545,0.622768,0.660274,0.667069,0.269795,0.821108,0.878788,0.081952,0.712371,0.875283,0.126596,0.647776
0.018002,1.025589,1290,2160,1308,2256,2983,2277,2078,3072,2926,1111,3304,2926,1442,2884,,0.476281,0.380716,0.194545,0.621652,0.660274,0.667069,0.269795,0.821108,0.878788,0.081031,0.713402,0.875283,0.125532,0.647776
0.017998,1.043586,1291,2159,1309,2256,2983,2276,2077,3073,2926,1111,3304,2926,1441,2884,,0.477230,0.379722,0.195455,0.621652,0.660274,0.666465,0.268817,0.821856,0.878788,0.081031,0.713402,0.875283,0.124468,0.647776
0.017999,1.061585,1292,2159,1308,2257,2983,2276,2077,3072,2925,1110,3303,2926,1442,2884,,0.478178,0.379722,0.194545,0.622768,0.660274,0.666465,0.268817,0.821108,0.877622,0.080110,0.712371,0.875283,0.125532,0.647776
0.018009,1.079594,1291,2159,1308,2256,2983,2277,2078,3072,2926,1112,3304,2927,1442,2884,,0.477230,0.379722,0.194545,0.621652,0.660274,0.667069,0.269795,0.821108,0.878788,0.081952,0.713402,0.876039,0.125532,0.647776
0.018039,1.097633,1291,2160,1309,2257,2983,2277,2078,3071,2926,1110,3304,2925,1442,2885,,0.477230,0.380716,0.195455,0.622768,0.660274,0.667069,0.269795,0.820359,0.878788,0.080110,0.713402,0.874528,0.125532,0.648494
0.017946,1.115580,1291,2160,1308,2256,2982,2277,2078,3072,2925,1111,3303,2925,1452,2885,,0.477230,0.380716,0.194545,0.621652,0.659589,0.667069,0.269795,0.821108,0.877622,0.081031,0.712371,0.874528,0.136170,0.648494
