GloveManager recording started on 10/20/16 at 16:17:46

,,Glove 1,Glove 1,Glove 1,Glove 1,Glove 1,Glove 1,Glove 1,Glove 1,Glove 1,Glove 1,Glove 1,Glove 1,Glove 1,Glove 1,,Glove 1 Scaled,Glove 1 Scaled,Glove 1 Scaled,Glove 1 Scaled,Glove 1 Scaled,Glove 1 Scaled,Glove 1 Scaled,Glove 1 Scaled,Glove 1 Scaled,Glove 1 Scaled,Glove 1 Scaled,Glove 1 Scaled,Glove 1 Scaled,Glove 1 Scaled
delta time (s), absolute time (s),Thumb Near,Thumb Far,Thumb/Index,Index Near,Index Far,Index/Middle,Middle Near,Middle Far,Middle/Ring,Ring Near,Ring Far,Ring/Little,Little Near,Little Far,,Thumb Near,Thumb Far,Thumb/Index,Index Near,Index Far,Index/Middle,Middle Near,Middle Far,Middle/Ring,Ring Near,Ring Far,Ring/Little,Little Near,Little Far
0.017291,0.017291,1099,2043,1755,2198,2306,1820,2298,2513,2562,1701,3281,2977,2023,2855,,0.295066,0.264414,0.600909,0.556920,0.196575,0.390937,0.484848,0.402695,0.454545,0.624309,0.689691,0.913832,0.743617,0.626973
0.018008,0.035299,1100,2042,1754,2198,2305,1821,2298,2512,2561,1700,3280,2976,2021,2856,,0.296015,0.263419,0.600000,0.556920,0.195890,0.391541,0.484848,0.401946,0.453380,0.623389,0.688660,0.913076,0.741489,0.627690
0.017998,0.053297,1099,2042,1754,2198,2306,1821,2298,2512,2562,1701,3282,2977,2022,2856,,0.295066,0.263419,0.600000,0.556920,0.196575,0.391541,0.484848,0.401946,0.454545,0.624309,0.690722,0.913832,0.742553,0.627690
0.017995,0.071293,1099,2042,1754,2198,2305,1821,2298,2511,2562,1700,3282,2976,2021,2856,,0.295066,0.263419,0.600000,0.556920,0.195890,0.391541,0.484848,0.401198,0.454545,0.623389,0.690722,0.913076,0.741489,0.627690
0.017979,0.089271,1100,2042,1753,2198,2305,1822,2299,2511,2562,1701,3281,2975,2021,2856,,0.296015,0.263419,0.599091,0.556920,0.195890,0.392145,0.485826,0.401198,0.454545,0.624309,0.689691,0.912320,0.741489,0.627690
0.018054,0.107325,1100,2041,1753,2199,2306,1822,2299,2511,2563,1700,3281,2976,2021,2856,,0.296015,0.262425,0.599091,0.558036,0.196575,0.392145,0.485826,0.401198,0.455711,0.623389,0.689691,0.913076,0.741489,0.627690
0.017974,0.125300,1100,2041,1753,2199,2306,1822,2299,2511,2563,1700,3281,2976,2021,2856,,0.296015,0.262425,0.599091,0.558036,0.196575,0.392145,0.485826,0.401198,0.455711,0.623389,0.689691,0.913076,0.741489,0.627690
0.018017,0.143316,1100,2041,1754,2200,2305,1822,2298,2510,2563,1700,3282,2976,2022,2855,,0.296015,0.262425,0.600000,0.559152,0.195890,0.392145,0.484848,0.400449,0.455711,0.623389,0.690722,0.913076,0.742553,0.626973
0.017997,0.161314,1100,2041,1753,2200,2305,1821,2298,2510,2563,1699,3281,2975,2021,2855,,0.296015,0.262425,0.599091,0.559152,0.195890,0.391541,0.484848,0.400449,0.455711,0.622468,0.689691,0.912320,0.741489,0.626973
0.018016,0.179330,1100,2041,1752,2201,2305,1821,2299,2510,2563,1699,3281,2974,2022,2856,,0.296015,0.262425,0.598182,0.560268,0.195890,0.391541,0.485826,0.400449,0.455711,0.622468,0.689691,0.911565,0.742553,0.627690
0.017983,0.197312,1100,2041,1751,2200,2304,1822,2298,2509,2563,1697,3281,2975,2021,2856,,0.296015,0.262425,0.597273,0.559152,0.195205,0.392145,0.484848,0.399701,0.455711,0.620626,0.689691,0.912320,0.741489,0.627690
0.017991,0.215303,1101,2041,1752,2201,2304,1822,2299,2509,2563,1697,3281,2975,2021,2856,,0.296964,0.262425,0.598182,0.560268,0.195205,0.392145,0.485826,0.399701,0.455711,0.620626,0.689691,0.912320,0.741489,0.627690
0.017983,0.233287,1101,2041,1752,2201,2305,1821,2299,2509,2564,1697,3282,2974,2020,2856,,0.296964,0.262425,0.598182,0.560268,0.195890,0.391541,0.485826,0.399701,0.456876,0.620626,0.690722,0.911565,0.740426,0.627690
0.018019,0.251306,1101,2040,1752,2202,2305,1821,2299,2509,2564,1697,3281,2974,2020,2856,,0.296964,0.261431,0.598182,0.561384,0.195890,0.391541,0.485826,0.399701,0.456876,0.620626,0.689691,0.911565,0.740426,0.627690
0.018002,0.269308,1101,2040,1752,2202,2305,1821,2299,2509,2564,1697,3281,2974,2020,2856,,0.296964,0.261431,0.598182,0.561384,0.195890,0.391541,0.485826,0.399701,0.456876,0.620626,0.689691,0.911565,0.740426,0.627690
0.018004,0.287312,1101,2039,1751,2201,2306,1820,2298,2507,2564,1696,3282,2974,2020,2856,,0.296964,0.260437,0.597273,0.560268,0.196575,0.390937,0.484848,0.398204,0.456876,0.619705,0.690722,0.911565,0.740426,0.627690
0.018006,0.305318,1101,2039,1751,2201,2306,1820,2298,2507,2564,1696,3282,2974,2020,2856,,0.296964,0.260437,0.597273,0.560268,0.196575,0.390937,0.484848,0.398204,0.456876,0.619705,0.690722,0.911565,0.740426,0.627690
0.018029,0.323346,1100,2038,1752,2199,2305,1819,2297,2506,2564,1694,3282,2973,2020,2858,,0.296015,0.259443,0.598182,0.558036,0.195890,0.390332,0.483871,0.397455,0.456876,0.617864,0.690722,0.910809,0.740426,0.629125
0.017958,0.341304,1100,2038,1752,2199,2305,1819,2297,2506,2564,1694,3282,2973,2020,2858,,0.296015,0.259443,0.598182,0.558036,0.195890,0.390332,0.483871,0.397455,0.456876,0.617864,0.690722,0.910809,0.740426,0.629125
0.018011,0.359315,1101,2037,1752,2199,2305,1820,2298,2502,2565,1694,3283,2972,2019,2858,,0.296964,0.258449,0.598182,0.558036,0.195890,0.390937,0.484848,0.394461,0.458042,0.617864,0.691753,0.910053,0.739362,0.629125
0.018006,0.377321,1101,2036,1752,2199,2305,1820,2299,2498,2565,1693,3283,2972,2020,2858,,0.296964,0.257455,0.598182,0.558036,0.195890,0.390937,0.485826,0.391467,0.458042,0.616943,0.691753,0.910053,0.740426,0.629125
0.017988,0.395309,1101,2035,1752,2199,2305,1821,2300,2496,2566,1692,3283,2972,2020,2858,,0.296964,0.256461,0.598182,0.558036,0.195890,0.391541,0.486804,0.389970,0.459207,0.616022,0.691753,0.910053,0.740426,0.629125
0.017981,0.413290,1101,2035,1752,2200,2305,1821,2301,2495,2567,1692,3283,2971,2019,2857,,0.296964,0.256461,0.598182,0.559152,0.195890,0.391541,0.487781,0.389222,0.460373,0.616022,0.691753,0.909297,0.739362,0.628407
0.018027,0.431316,1101,2035,1752,2200,2305,1821,2301,2495,2567,1692,3283,2971,2019,2857,,0.296964,0.256461,0.598182,0.559152,0.195890,0.391541,0.487781,0.389222,0.460373,0.616022,0.691753,0.909297,0.739362,0.628407
0.018015,0.449331,1101,2034,1753,2198,2304,1821,2301,2494,2568,1691,3284,2971,2018,2857,,0.296964,0.255467,0.599091,0.556920,0.195205,0.391541,0.487781,0.388473,0.461538,0.615101,0.692784,0.909297,0.738298,0.628407
0.017988,0.467318,1101,2035,1752,2199,2305,1822,2299,2494,2567,1691,3282,2971,2018,2857,,0.296964,0.256461,0.598182,0.558036,0.195890,0.392145,0.485826,0.388473,0.460373,0.615101,0.690722,0.909297,0.738298,0.628407
0.017998,0.485317,1101,2034,1752,2198,2305,1822,2300,2494,2568,1692,3283,2970,2018,2857,,0.296964,0.255467,0.598182,0.556920,0.195890,0.392145,0.486804,0.388473,0.461538,0.616022,0.691753,0.908541,0.738298,0.628407
0.018013,0.503330,1102,2035,1752,2197,2303,1821,2299,2495,2568,1692,3283,2971,2018,2857,,0.297913,0.256461,0.598182,0.555804,0.194521,0.391541,0.485826,0.389222,0.461538,0.616022,0.691753,0.909297,0.738298,0.628407
0.017969,0.521299,1101,2035,1751,2198,2304,1822,2299,2494,2568,1692,3283,2971,2019,2857,,0.296964,0.256461,0.597273,0.556920,0.195205,0.392145,0.485826,0.388473,0.461538,0.616022,0.691753,0.909297,0.739362,0.628407
0.018023,0.539322,1100,2034,1752,2197,2304,1821,2298,2494,2568,1691,3282,2970,2019,2857,,0.296015,0.255467,0.598182,0.555804,0.195205,0.391541,0.484848,0.388473,0.461538,0.615101,0.690722,0.908541,0.739362,0.628407
0.017984,0.557306,1100,2034,1752,2197,2303,1822,2299,2493,2568,1691,3283,2970,2019,2858,,0.296015,0.255467,0.598182,0.555804,0.194521,0.392145,0.485826,0.387725,0.461538,0.615101,0.691753,0.908541,0.739362,0.629125
0.018013,0.575319,1101,2033,1751,2197,2304,1822,2299,2493,2569,1691,3283,2969,2021,2859,,0.296964,0.254473,0.597273,0.555804,0.195205,0.392145,0.485826,0.387725,0.462704,0.615101,0.691753,0.907785,0.741489,0.629842
0.018005,0.593324,1101,2033,1751,2197,2304,1822,2300,2492,2570,1691,3284,2968,2020,2858,,0.296964,0.254473,0.597273,0.555804,0.195205,0.392145,0.486804,0.386976,0.463869,0.615101,0.692784,0.907029,0.740426,0.629125
0.018009,0.611334,1100,2032,1751,2197,2304,1822,2301,2492,2570,1691,3284,2967,2018,2858,,0.296015,0.253479,0.597273,0.555804,0.195205,0.392145,0.487781,0.386976,0.463869,0.615101,0.692784,0.906274,0.738298,0.629125
0.017991,0.629324,1101,2032,1750,2197,2303,1822,2301,2492,2570,1691,3284,2967,2018,2858,,0.296964,0.253479,0.596364,0.555804,0.194521,0.392145,0.487781,0.386976,0.463869,0.615101,0.692784,0.906274,0.738298,0.629125
0.018001,0.647325,1100,2031,1750,2196,2304,1822,2300,2491,2572,1691,3284,2966,2020,2859,,0.296015,0.252485,0.596364,0.554688,0.195205,0.392145,0.486804,0.386228,0.466200,0.615101,0.692784,0.905518,0.740426,0.629842
0.017988,0.665314,1101,2031,1749,2196,2303,1821,2301,2491,2572,1691,3285,2966,2021,2859,,0.296964,0.252485,0.595455,0.554688,0.194521,0.391541,0.487781,0.386228,0.466200,0.615101,0.693814,0.905518,0.741489,0.629842
0.017996,0.683309,1101,2032,1749,2195,2304,1821,2301,2490,2572,1692,3285,2965,2022,2858,,0.296964,0.253479,0.595455,0.553571,0.195205,0.391541,0.487781,0.385479,0.466200,0.616022,0.693814,0.904762,0.742553,0.629125
0.018018,0.701327,1101,2031,1748,2195,2303,1821,2302,2490,2572,1692,3285,2965,2022,2859,,0.296964,0.252485,0.594545,0.553571,0.194521,0.391541,0.488759,0.385479,0.466200,0.616022,0.693814,0.904762,0.742553,0.629842
0.018016,0.719343,1101,2031,1748,2195,2304,1820,2301,2489,2574,1691,3285,2964,2022,2859,,0.296964,0.252485,0.594545,0.553571,0.195205,0.390937,0.487781,0.384731,0.468531,0.615101,0.693814,0.904006,0.742553,0.629842
0.017988,0.737331,1101,2032,1749,2196,2304,1822,2302,2490,2573,1691,3285,2964,2023,2859,,0.296964,0.253479,0.595455,0.554688,0.195205,0.392145,0.488759,0.385479,0.467366,0.615101,0.693814,0.904006,0.743617,0.629842
0.017980,0.755311,1101,2031,1748,2196,2304,1821,2302,2489,2575,1691,3285,2964,2024,2860,,0.296964,0.252485,0.594545,0.554688,0.195205,0.391541,0.488759,0.384731,0.469697,0.615101,0.693814,0.904006,0.744681,0.630560
0.018040,0.773350,1101,2031,1748,2196,2304,1821,2302,2488,2574,1690,3285,2963,2022,2859,,0.296964,0.252485,0.594545,0.554688,0.195205,0.391541,0.488759,0.383982,0.468531,0.614181,0.693814,0.903250,0.742553,0.629842
0.017983,0.791334,1100,2030,1746,2195,2303,1821,2302,2488,2574,1690,3285,2962,2022,2858,,0.296015,0.251491,0.592727,0.553571,0.194521,0.391541,0.488759,0.383982,0.468531,0.614181,0.693814,0.902494,0.742553,0.629125
0.018011,0.809345,1100,2030,1747,2196,2302,1821,2303,2487,2575,1689,3285,2962,2023,2860,,0.296015,0.251491,0.593636,0.554688,0.193836,0.391541,0.489736,0.383234,0.469697,0.613260,0.693814,0.902494,0.743617,0.630560
0.017988,0.827332,1101,2029,1746,2196,2303,1821,2303,2487,2575,1690,3285,2962,2022,2860,,0.296964,0.250497,0.592727,0.554688,0.194521,0.391541,0.489736,0.383234,0.469697,0.614181,0.693814,0.902494,0.742553,0.630560
0.018013,0.845345,1100,2029,1747,2196,2303,1822,2303,2488,2575,1689,3286,2962,2023,2861,,0.296015,0.250497,0.593636,0.554688,0.194521,0.392145,0.489736,0.383982,0.469697,0.613260,0.694845,0.902494,0.743617,0.631277
0.018006,0.863351,1101,2029,1746,2197,2303,1821,2303,2487,2576,1690,3286,2962,2024,2861,,0.296964,0.250497,0.592727,0.555804,0.194521,0.391541,0.489736,0.383234,0.470862,0.614181,0.694845,0.902494,0.744681,0.631277
0.017960,0.881311,1100,2029,1747,2196,2303,1822,2303,2487,2575,1691,3286,2962,2023,2861,,0.296015,0.250497,0.593636,0.554688,0.194521,0.392145,0.489736,0.383234,0.469697,0.615101,0.694845,0.902494,0.743617,0.631277
0.018010,0.899321,1101,2029,1745,2197,2303,1821,2303,2487,2576,1690,3285,2962,2023,2861,,0.296964,0.250497,0.591818,0.555804,0.194521,0.391541,0.489736,0.383234,0.470862,0.614181,0.693814,0.902494,0.743617,0.631277
0.018007,0.917328,1100,2028,1745,2197,2303,1822,2304,2487,2576,1690,3286,2962,2023,2861,,0.296015,0.249503,0.591818,0.555804,0.194521,0.392145,0.490714,0.383234,0.470862,0.614181,0.694845,0.902494,0.743617,0.631277
