GloveManager recording started on 10/20/16 at 16:17:52

,,Glove 1,Glove 1,Glove 1,Glove 1,Glove 1,Glove 1,Glove 1,Glove 1,Glove 1,Glove 1,Glove 1,Glove 1,Glove 1,Glove 1,,Glove 1 Scaled,Glove 1 Scaled,Glove 1 Scaled,Glove 1 Scaled,Glove 1 Scaled,Glove 1 Scaled,Glove 1 Scaled,Glove 1 Scaled,Glove 1 Scaled,Glove 1 Scaled,Glove 1 Scaled,Glove 1 Scaled,Glove 1 Scaled,Glove 1 Scaled
delta time (s), absolute time (s),Thumb Near,Thumb Far,Thumb/Index,Index Near,Index Far,Index/Middle,Middle Near,Middle Far,Middle/Ring,Ring Near,Ring Far,Ring/Little,Little Near,Little Far,,Thumb Near,Thumb Far,Thumb/Index,Index Near,Index Far,Index/Middle,Middle Near,Middle Far,Middle/Ring,Ring Near,Ring Far,Ring/Little,Little Near,Little Far
0.017358,0.017358,1243,1902,1289,2215,2332,1850,2684,3206,2616,1514,3326,2902,1782,2990,,0.431689,0.124254,0.177273,0.575893,0.214384,0.409063,0.862170,0.921407,0.517483,0.452118,0.736082,0.857143,0.487234,0.723816
0.018005,0.035363,1243,1901,1290,2215,2332,1850,2684,3205,2616,1514,3327,2903,1783,2990,,0.431689,0.123260,0.178182,0.575893,0.214384,0.409063,0.862170,0.920659,0.517483,0.452118,0.737113,0.857899,0.488298,0.723816
0.018013,0.053376,1243,1901,1289,2215,2333,1850,2684,3206,2616,1513,3326,2902,1784,2990,,0.431689,0.123260,0.177273,0.575893,0.215068,0.409063,0.862170,0.921407,0.517483,0.451197,0.736082,0.857143,0.489362,0.723816
0.018029,0.071404,1244,1901,1290,2215,2332,1850,2684,3206,2616,1514,3326,2902,1785,2990,,0.432638,0.123260,0.178182,0.575893,0.214384,0.409063,0.862170,0.921407,0.517483,0.452118,0.736082,0.857143,0.490426,0.723816
0.017977,0.089381,1244,1901,1290,2214,2332,1849,2685,3206,2616,1514,3326,2902,1784,2990,,0.432638,0.123260,0.178182,0.574777,0.214384,0.408459,0.863148,0.921407,0.517483,0.452118,0.736082,0.857143,0.489362,0.723816
0.017976,0.107357,1244,1901,1291,2214,2333,1849,2685,3206,2616,1514,3325,2902,1783,2990,,0.432638,0.123260,0.179091,0.574777,0.215068,0.408459,0.863148,0.921407,0.517483,0.452118,0.735052,0.857143,0.488298,0.723816
0.018007,0.125364,1244,1900,1290,2214,2332,1850,2686,3207,2617,1514,3326,2902,1783,2990,,0.432638,0.122266,0.178182,0.574777,0.214384,0.409063,0.864125,0.922156,0.518648,0.452118,0.736082,0.857143,0.488298,0.723816
0.017996,0.143361,1245,1900,1290,2214,2333,1850,2685,3206,2616,1513,3326,2901,1784,2990,,0.433586,0.122266,0.178182,0.574777,0.215068,0.409063,0.863148,0.921407,0.517483,0.451197,0.736082,0.856387,0.489362,0.723816
0.018004,0.161365,1244,1900,1290,2214,2332,1850,2685,3207,2617,1513,3326,2902,1784,2990,,0.432638,0.122266,0.178182,0.574777,0.214384,0.409063,0.863148,0.922156,0.518648,0.451197,0.736082,0.857143,0.489362,0.723816
0.017976,0.179341,1245,1900,1291,2214,2332,1849,2683,3206,2616,1512,3326,2901,1787,2990,,0.433586,0.122266,0.179091,0.574777,0.214384,0.408459,0.861193,0.921407,0.517483,0.450276,0.736082,0.856387,0.492553,0.723816
0.018023,0.197364,1246,1900,1291,2214,2332,1850,2684,3207,2617,1513,3325,2902,1788,2990,,0.434535,0.122266,0.179091,0.574777,0.214384,0.409063,0.862170,0.922156,0.518648,0.451197,0.735052,0.857143,0.493617,0.723816
0.018013,0.215377,1244,1899,1291,2214,2332,1850,2684,3207,2617,1512,3325,2902,1787,2990,,0.432638,0.121272,0.179091,0.574777,0.214384,0.409063,0.862170,0.922156,0.518648,0.450276,0.735052,0.857143,0.492553,0.723816
0.017992,0.233369,1244,1899,1291,2214,2332,1850,2684,3207,2617,1512,3325,2902,1787,2990,,0.432638,0.121272,0.179091,0.574777,0.214384,0.409063,0.862170,0.922156,0.518648,0.450276,0.735052,0.857143,0.492553,0.723816
0.017999,0.251368,1244,1900,1290,2214,2331,1850,2684,3208,2618,1512,3325,2901,1787,2990,,0.432638,0.122266,0.178182,0.574777,0.213699,0.409063,0.862170,0.922904,0.519814,0.450276,0.735052,0.856387,0.492553,0.723816
0.017999,0.269367,1244,1900,1290,2214,2331,1850,2684,3208,2618,1512,3325,2901,1787,2990,,0.432638,0.122266,0.178182,0.574777,0.213699,0.409063,0.862170,0.922904,0.519814,0.450276,0.735052,0.856387,0.492553,0.723816
0.018000,0.287367,1244,1899,1291,2215,2332,1851,2684,3207,2618,1512,3326,2901,1786,2989,,0.432638,0.121272,0.179091,0.575893,0.214384,0.409668,0.862170,0.922156,0.519814,0.450276,0.736082,0.856387,0.491489,0.723099
0.018002,0.305369,1244,1899,1291,2215,2332,1851,2684,3207,2618,1512,3326,2901,1786,2989,,0.432638,0.121272,0.179091,0.575893,0.214384,0.409668,0.862170,0.922156,0.519814,0.450276,0.736082,0.856387,0.491489,0.723099
0.017981,0.323350,1245,1898,1290,2216,2331,1851,2685,3207,2618,1513,3325,2901,1786,2990,,0.433586,0.120278,0.178182,0.577009,0.213699,0.409668,0.863148,0.922156,0.519814,0.451197,0.735052,0.856387,0.491489,0.723816
0.018020,0.341370,1244,1898,1290,2217,2330,1851,2685,3207,2618,1513,3326,2901,1787,2990,,0.432638,0.120278,0.178182,0.578125,0.213014,0.409668,0.863148,0.922156,0.519814,0.451197,0.736082,0.856387,0.492553,0.723816
0.018002,0.359372,1244,1898,1290,2218,2331,1851,2685,3208,2617,1512,3326,2901,1787,2990,,0.432638,0.120278,0.178182,0.579241,0.213699,0.409668,0.863148,0.922904,0.518648,0.450276,0.736082,0.856387,0.492553,0.723816
0.018008,0.377380,1244,1898,1289,2218,2330,1852,2685,3207,2619,1513,3325,2901,1787,2990,,0.432638,0.120278,0.177273,0.579241,0.213014,0.410272,0.863148,0.922156,0.520979,0.451197,0.735052,0.856387,0.492553,0.723816
0.018024,0.395405,1244,1898,1291,2219,2331,1852,2684,3208,2619,1513,3325,2901,1787,2991,,0.432638,0.120278,0.179091,0.580357,0.213699,0.410272,0.862170,0.922904,0.520979,0.451197,0.735052,0.856387,0.492553,0.724534
0.017970,0.413374,1244,1898,1290,2220,2330,1853,2685,3208,2619,1513,3325,2900,1787,2990,,0.432638,0.120278,0.178182,0.581473,0.213014,0.410876,0.863148,0.922904,0.520979,0.451197,0.735052,0.855631,0.492553,0.723816
0.018000,0.431375,1244,1898,1291,2219,2331,1852,2685,3207,2619,1514,3326,2901,1787,2990,,0.432638,0.120278,0.179091,0.580357,0.213699,0.410272,0.863148,0.922156,0.520979,0.452118,0.736082,0.856387,0.492553,0.723816
0.018009,0.449384,1244,1898,1290,2219,2331,1853,2686,3209,2619,1512,3325,2900,1787,2990,,0.432638,0.120278,0.178182,0.580357,0.213699,0.410876,0.864125,0.923653,0.520979,0.450276,0.735052,0.855631,0.492553,0.723816
0.017995,0.467379,1243,1898,1290,2220,2330,1852,2684,3208,2619,1513,3324,2901,1787,2990,,0.431689,0.120278,0.178182,0.581473,0.213014,0.410272,0.862170,0.922904,0.520979,0.451197,0.734021,0.856387,0.492553,0.723816
0.018000,0.485379,1243,1898,1290,2221,2331,1853,2685,3209,2620,1514,3326,2901,1788,2991,,0.431689,0.120278,0.178182,0.582589,0.213699,0.410876,0.863148,0.923653,0.522144,0.452118,0.736082,0.856387,0.493617,0.724534
0.018002,0.503381,1243,1898,1290,2223,2329,1854,2685,3208,2619,1514,3325,2901,1788,2991,,0.431689,0.120278,0.178182,0.584821,0.212329,0.411480,0.863148,0.922904,0.520979,0.452118,0.735052,0.856387,0.493617,0.724534
0.017999,0.521380,1245,1898,1290,2224,2329,1854,2685,3208,2619,1514,3325,2900,1789,2991,,0.433586,0.120278,0.178182,0.585938,0.212329,0.411480,0.863148,0.922904,0.520979,0.452118,0.735052,0.855631,0.494681,0.724534
0.018014,0.539393,1244,1898,1289,2224,2329,1855,2684,3208,2620,1514,3326,2900,1788,2990,,0.432638,0.120278,0.177273,0.585938,0.212329,0.412085,0.862170,0.922904,0.522144,0.452118,0.736082,0.855631,0.493617,0.723816
0.017991,0.557385,1243,1897,1289,2225,2330,1854,2684,3209,2618,1514,3325,2901,1789,2990,,0.431689,0.119284,0.177273,0.587054,0.213014,0.411480,0.862170,0.923653,0.519814,0.452118,0.735052,0.856387,0.494681,0.723816
0.018004,0.575389,1243,1897,1289,2226,2330,1854,2684,3208,2619,1513,3326,2900,1789,2991,,0.431689,0.119284,0.177273,0.588170,0.213014,0.411480,0.862170,0.922904,0.520979,0.451197,0.736082,0.855631,0.494681,0.724534
0.017994,0.593383,1243,1897,1289,2227,2328,1854,2683,3209,2619,1514,3325,2900,1788,2991,,0.431689,0.119284,0.177273,0.589286,0.211644,0.411480,0.861193,0.923653,0.520979,0.452118,0.735052,0.855631,0.493617,0.724534
0.018003,0.611386,1243,1897,1288,2227,2329,1855,2684,3209,2620,1514,3325,2900,1788,2990,,0.431689,0.119284,0.176364,0.589286,0.212329,0.412085,0.862170,0.923653,0.522144,0.452118,0.735052,0.855631,0.493617,0.723816
0.018003,0.629389,1243,1898,1288,2229,2328,1856,2683,3209,2620,1515,3325,2900,1790,2991,,0.431689,0.120278,0.176364,0.591518,0.211644,0.412689,0.861193,0.923653,0.522144,0.453039,0.735052,0.855631,0.495745,0.724534
0.017999,0.647388,1242,1898,1289,2232,2329,1857,2683,3208,2621,1515,3324,2900,1790,2991,,0.430740,0.120278,0.177273,0.594866,0.212329,0.413293,0.861193,0.922904,0.523310,0.453039,0.734021,0.855631,0.495745,0.724534
0.018011,0.665399,1242,1898,1289,2233,2328,1857,2683,3209,2621,1515,3325,2900,1790,2991,,0.430740,0.120278,0.177273,0.595982,0.211644,0.413293,0.861193,0.923653,0.523310,0.453039,0.735052,0.855631,0.495745,0.724534
0.017976,0.683375,1241,1897,1287,2234,2328,1857,2683,3209,2620,1514,3325,2899,1791,2991,,0.429791,0.119284,0.175455,0.597098,0.211644,0.413293,0.861193,0.923653,0.522144,0.452118,0.735052,0.854875,0.496808,0.724534
0.018018,0.701393,1241,1897,1287,2234,2328,1857,2683,3209,2620,1514,3325,2899,1791,2991,,0.429791,0.119284,0.175455,0.597098,0.211644,0.413293,0.861193,0.923653,0.522144,0.452118,0.735052,0.854875,0.496808,0.724534
0.018004,0.719397,1242,1898,1287,2236,2328,1858,2682,3209,2621,1514,3325,2900,1791,2991,,0.430740,0.120278,0.175455,0.599330,0.211644,0.413897,0.860215,0.923653,0.523310,0.452118,0.735052,0.855631,0.496808,0.724534
0.017997,0.737394,1243,1897,1287,2237,2328,1857,2682,3209,2620,1514,3325,2899,1791,2990,,0.431689,0.119284,0.175455,0.600446,0.211644,0.413293,0.860215,0.923653,0.522144,0.452118,0.735052,0.854875,0.496808,0.723816
0.017999,0.755393,1242,1897,1287,2238,2328,1858,2682,3209,2622,1514,3325,2899,1791,2991,,0.430740,0.119284,0.175455,0.601563,0.211644,0.413897,0.860215,0.923653,0.524476,0.452118,0.735052,0.854875,0.496808,0.724534
0.017998,0.773391,1242,1897,1287,2238,2327,1859,2682,3209,2621,1514,3324,2900,1791,2991,,0.430740,0.119284,0.175455,0.601563,0.210959,0.414502,0.860215,0.923653,0.523310,0.452118,0.734021,0.855631,0.496808,0.724534
0.018010,0.791401,1242,1897,1287,2239,2327,1859,2683,3209,2622,1514,3325,2900,1792,2991,,0.430740,0.119284,0.175455,0.602679,0.210959,0.414502,0.861193,0.923653,0.524476,0.452118,0.735052,0.855631,0.497872,0.724534
0.017992,0.809393,1242,1897,1287,2239,2327,1859,2682,3210,2621,1514,3324,2900,1791,2990,,0.430740,0.119284,0.175455,0.602679,0.210959,0.414502,0.860215,0.924401,0.523310,0.452118,0.734021,0.855631,0.496808,0.723816
0.018004,0.827397,1242,1896,1287,2240,2327,1859,2682,3209,2622,1513,3326,2899,1793,2990,,0.430740,0.118290,0.175455,0.603795,0.210959,0.414502,0.860215,0.923653,0.524476,0.451197,0.736082,0.854875,0.498936,0.723816
0.018000,0.845397,1242,1896,1287,2240,2327,1859,2682,3209,2622,1515,3325,2900,1792,2989,,0.430740,0.118290,0.175455,0.603795,0.210959,0.414502,0.860215,0.923653,0.524476,0.453039,0.735052,0.855631,0.497872,0.723099
0.018001,0.863398,1242,1896,1287,2241,2327,1859,2682,3210,2622,1515,3325,2899,1793,2990,,0.430740,0.118290,0.175455,0.604911,0.210959,0.414502,0.860215,0.924401,0.524476,0.453039,0.735052,0.854875,0.498936,0.723816
0.018007,0.881405,1242,1897,1287,2241,2327,1860,2682,3209,2623,1514,3325,2898,1793,2990,,0.430740,0.119284,0.175455,0.604911,0.210959,0.415106,0.860215,0.923653,0.525641,0.452118,0.735052,0.854119,0.498936,0.723816
0.018024,0.899429,1242,1897,1287,2241,2327,1859,2681,3209,2623,1513,3324,2899,1793,2990,,0.430740,0.119284,0.175455,0.604911,0.210959,0.414502,0.859238,0.923653,0.525641,0.451197,0.734021,0.854875,0.498936,0.723816
0.017947,0.917376,1241,1896,1286,2242,2327,1859,2682,3209,2623,1514,3325,2899,1793,2990,,0.429791,0.118290,0.174545,0.606027,0.210959,0.414502,0.860215,0.923653,0.525641,0.452118,0.735052,0.854875,0.498936,0.723816
0.018035,0.935411,1242,1896,1286,2242,2327,1859,2681,3209,2623,1514,3325,2899,1794,2989,,0.430740,0.118290,0.174545,0.606027,0.210959,0.414502,0.859238,0.923653,0.525641,0.452118,0.735052,0.854875,0.500000,0.723099
0.017991,0.953402,1242,1896,1286,2243,2326,1859,2681,3210,2623,1512,3325,2900,1801,2989,,0.430740,0.118290,0.174545,0.607143,0.210274,0.414502,0.859238,0.924401,0.525641,0.450276,0.735052,0.855631,0.507447,0.723099
0.018001,0.971403,1242,1896,1287,2244,2327,1860,2681,3210,2623,1513,3325,2899,1794,2989,,0.430740,0.118290,0.175455,0.608259,0.210959,0.415106,0.859238,0.924401,0.525641,0.451197,0.735052,0.854875,0.500000,0.723099
0.018000,0.989403,1242,1896,1286,2243,2326,1860,2680,3210,2623,1513,3325,2899,1794,2990,,0.430740,0.118290,0.174545,0.607143,0.210274,0.415106,0.858260,0.924401,0.525641,0.451197,0.735052,0.854875,0.500000,0.723816
0.018001,1.007404,1241,1896,1286,2243,2326,1859,2680,3210,2623,1513,3324,2899,1794,2989,,0.429791,0.118290,0.174545,0.607143,0.210274,0.414502,0.858260,0.924401,0.525641,0.451197,0.734021,0.854875,0.500000,0.723099
0.017992,1.025397,1241,1896,1286,2243,2327,1859,2680,3209,2623,1512,3325,2898,1794,2990,,0.429791,0.118290,0.174545,0.607143,0.210959,0.414502,0.858260,0.923653,0.525641,0.450276,0.735052,0.854119,0.500000,0.723816
0.018007,1.043403,1241,1896,1286,2244,2326,1860,2680,3210,2623,1512,3325,2899,1794,2989,,0.429791,0.118290,0.174545,0.608259,0.210274,0.415106,0.858260,0.924401,0.525641,0.450276,0.735052,0.854875,0.500000,0.723099
0.017984,1.061387,1241,1896,1286,2244,2326,1860,2681,3210,2624,1512,3325,2898,1794,2989,,0.429791,0.118290,0.174545,0.608259,0.210274,0.415106,0.859238,0.924401,0.526807,0.450276,0.735052,0.854119,0.500000,0.723099
