GloveManager recording started on 10/20/16 at 16:18:07

,,Glove 1,Glove 1,Glove 1,Glove 1,Glove 1,Glove 1,Glove 1,Glove 1,Glove 1,Glove 1,Glove 1,Glove 1,Glove 1,Glove 1,,Glove 1 Scaled,Glove 1 Scaled,Glove 1 Scaled,Glove 1 Scaled,Glove 1 Scaled,Glove 1 Scaled,Glove 1 Scaled,Glove 1 Scaled,Glove 1 Scaled,Glove 1 Scaled,Glove 1 Scaled,Glove 1 Scaled,Glove 1 Scaled,Glove 1 Scaled
delta time (s), absolute time (s),Thumb Near,Thumb Far,Thumb/Index,Index Near,Index Far,Index/Middle,Middle Near,Middle Far,Middle/Ring,Ring Near,Ring Far,Ring/Little,Little Near,Little Far,,Thumb Near,Thumb Far,Thumb/Index,Index Near,Index Far,Index/Middle,Middle Near,Middle Far,Middle/Ring,Ring Near,Ring Far,Ring/Little,Little Near,Little Far
0.017525,0.017525,1364,2215,1666,2355,3009,2299,2368,3093,2764,1431,3261,2920,2001,2853,,0.546490,0.435388,0.520000,0.732143,0.678082,0.680363,0.553275,0.836826,0.689977,0.375691,0.669072,0.870748,0.720213,0.625538
0.018022,0.035547,1364,2215,1665,2356,3009,2299,2369,3093,2762,1431,3262,2920,2001,2852,,0.546490,0.435388,0.519091,0.733259,0.678082,0.680363,0.554252,0.836826,0.687646,0.375691,0.670103,0.870748,0.720213,0.624821
0.018000,0.053547,1364,2215,1665,2355,3009,2298,2369,3093,2763,1432,3261,2920,2001,2853,,0.546490,0.435388,0.519091,0.732143,0.678082,0.679758,0.554252,0.836826,0.688811,0.376611,0.669072,0.870748,0.720213,0.625538
0.017999,0.071546,1364,2216,1666,2356,3010,2298,2369,3093,2762,1432,3261,2920,2001,2853,,0.546490,0.436382,0.520000,0.733259,0.678767,0.679758,0.554252,0.836826,0.687646,0.376611,0.669072,0.870748,0.720213,0.625538
0.018001,0.089547,1366,2216,1665,2356,3009,2298,2371,3093,2762,1433,3261,2920,2003,2853,,0.548387,0.436382,0.519091,0.733259,0.678082,0.679758,0.556207,0.836826,0.687646,0.377532,0.669072,0.870748,0.722340,0.625538
0.018004,0.107550,1366,2218,1665,2356,3009,2298,2371,3093,2762,1434,3261,2920,2003,2853,,0.548387,0.438370,0.519091,0.733259,0.678082,0.679758,0.556207,0.836826,0.687646,0.378453,0.669072,0.870748,0.722340,0.625538
0.018000,0.125551,1368,2220,1666,2358,3010,2298,2373,3093,2761,1435,3262,2920,2005,2853,,0.550285,0.440358,0.520000,0.735491,0.678767,0.679758,0.558162,0.836826,0.686480,0.379374,0.670103,0.870748,0.724468,0.625538
0.018027,0.143578,1367,2222,1666,2357,3009,2298,2374,3093,2761,1436,3261,2920,2005,2853,,0.549336,0.442346,0.520000,0.734375,0.678082,0.679758,0.559140,0.836826,0.686480,0.380295,0.669072,0.870748,0.724468,0.625538
0.017976,0.161553,1369,2222,1667,2357,3010,2297,2375,3092,2761,1437,3262,2920,2006,2854,,0.551233,0.442346,0.520909,0.734375,0.678767,0.679154,0.560117,0.836078,0.686480,0.381215,0.670103,0.870748,0.725532,0.626255
0.017998,0.179552,1369,2223,1666,2357,3010,2297,2375,3093,2760,1436,3261,2920,2006,2854,,0.551233,0.443340,0.520000,0.734375,0.678767,0.679154,0.560117,0.836826,0.685315,0.380295,0.669072,0.870748,0.725532,0.626255
0.017984,0.197536,1369,2223,1666,2357,3010,2297,2376,3092,2760,1436,3261,2919,2006,2854,,0.551233,0.443340,0.520000,0.734375,0.678767,0.679154,0.561095,0.836078,0.685315,0.380295,0.669072,0.869992,0.725532,0.626255
0.018019,0.215555,1369,2223,1667,2357,3010,2296,2376,3093,2760,1438,3263,2920,2007,2854,,0.551233,0.443340,0.520909,0.734375,0.678767,0.678550,0.561095,0.836826,0.685315,0.382136,0.671134,0.870748,0.726596,0.626255
0.018000,0.233555,1369,2224,1666,2357,3011,2296,2376,3092,2759,1438,3261,2920,2006,2854,,0.551233,0.444334,0.520000,0.734375,0.679452,0.678550,0.561095,0.836078,0.684149,0.382136,0.669072,0.870748,0.725532,0.626255
0.018041,0.251596,1368,2224,1666,2357,3010,2296,2376,3093,2760,1436,3261,2920,2006,2855,,0.550285,0.444334,0.520000,0.734375,0.678767,0.678550,0.561095,0.836826,0.685315,0.380295,0.669072,0.870748,0.725532,0.626973
0.017939,0.269535,1369,2224,1665,2358,3011,2297,2377,3093,2760,1438,3262,2920,2006,2856,,0.551233,0.444334,0.519091,0.735491,0.679452,0.679154,0.562072,0.836826,0.685315,0.382136,0.670103,0.870748,0.725532,0.627690
0.018050,0.287585,1369,2225,1666,2358,3010,2296,2377,3092,2759,1437,3262,2920,2006,2857,,0.551233,0.445328,0.520000,0.735491,0.678767,0.678550,0.562072,0.836078,0.684149,0.381215,0.670103,0.870748,0.725532,0.628407
0.018000,0.305585,1369,2225,1666,2358,3010,2296,2377,3093,2760,1438,3263,2919,2006,2858,,0.551233,0.445328,0.520000,0.735491,0.678767,0.678550,0.562072,0.836826,0.685315,0.382136,0.671134,0.869992,0.725532,0.629125
0.017953,0.323538,1370,2226,1665,2358,3010,2295,2379,3092,2760,1438,3263,2920,2008,2859,,0.552182,0.446322,0.519091,0.735491,0.678767,0.677946,0.564027,0.836078,0.685315,0.382136,0.671134,0.870748,0.727660,0.629842
0.018049,0.341587,1370,2227,1666,2358,3010,2296,2379,3092,2760,1438,3263,2920,2007,2860,,0.552182,0.447316,0.520000,0.735491,0.678767,0.678550,0.564027,0.836078,0.685315,0.382136,0.671134,0.870748,0.726596,0.630560
0.017976,0.359563,1370,2227,1666,2358,3010,2296,2379,3092,2760,1438,3263,2920,2007,2860,,0.552182,0.447316,0.520000,0.735491,0.678767,0.678550,0.564027,0.836078,0.685315,0.382136,0.671134,0.870748,0.726596,0.630560
0.018029,0.377591,1370,2226,1666,2358,3011,2297,2379,3093,2760,1438,3263,2920,2007,2860,,0.552182,0.446322,0.520000,0.735491,0.679452,0.679154,0.564027,0.836826,0.685315,0.382136,0.671134,0.870748,0.726596,0.630560
0.017975,0.395566,1370,2227,1666,2358,3009,2296,2379,3093,2759,1439,3262,2920,2007,2861,,0.552182,0.447316,0.520000,0.735491,0.678082,0.678550,0.564027,0.836826,0.684149,0.383057,0.670103,0.870748,0.726596,0.631277
0.018023,0.413590,1370,2226,1667,2357,3011,2296,2379,3093,2760,1439,3263,2920,2007,2861,,0.552182,0.446322,0.520909,0.734375,0.679452,0.678550,0.564027,0.836826,0.685315,0.383057,0.671134,0.870748,0.726596,0.631277
0.018011,0.431601,1370,2227,1666,2357,3010,2296,2380,3092,2759,1439,3263,2920,2007,2862,,0.552182,0.447316,0.520000,0.734375,0.678767,0.678550,0.565005,0.836078,0.684149,0.383057,0.671134,0.870748,0.726596,0.631994
0.017993,0.449594,1370,2227,1666,2357,3011,2296,2380,3092,2759,1439,3263,2920,2008,2862,,0.552182,0.447316,0.520000,0.734375,0.679452,0.678550,0.565005,0.836078,0.684149,0.383057,0.671134,0.870748,0.727660,0.631994
0.017972,0.467566,1371,2228,1667,2358,3011,2296,2381,3092,2759,1440,3262,2921,2016,2862,,0.553131,0.448310,0.520909,0.735491,0.679452,0.678550,0.565982,0.836078,0.684149,0.383978,0.670103,0.871504,0.736170,0.631994
0.018000,0.485566,1371,2228,1666,2358,3011,2295,2381,3093,2759,1439,3262,2920,2009,2863,,0.553131,0.448310,0.520000,0.735491,0.679452,0.677946,0.565982,0.836826,0.684149,0.383057,0.670103,0.870748,0.728723,0.632712
0.018002,0.503568,1371,2228,1667,2358,3011,2296,2381,3093,2760,1441,3262,2921,2008,2863,,0.553131,0.448310,0.520909,0.735491,0.679452,0.678550,0.565982,0.836826,0.685315,0.384899,0.670103,0.871504,0.727660,0.632712
0.018004,0.521572,1372,2228,1668,2358,3011,2296,2381,3092,2760,1440,3263,2921,2009,2864,,0.554080,0.448310,0.521818,0.735491,0.679452,0.678550,0.565982,0.836078,0.685315,0.383978,0.671134,0.871504,0.728723,0.633429
0.018036,0.539608,1370,2228,1667,2358,3011,2296,2381,3093,2760,1440,3264,2921,2009,2868,,0.552182,0.448310,0.520909,0.735491,0.679452,0.678550,0.565982,0.836826,0.685315,0.383978,0.672165,0.871504,0.728723,0.636298
0.017962,0.557570,1370,2228,1667,2358,3011,2296,2381,3093,2760,1440,3264,2921,2009,2868,,0.552182,0.448310,0.520909,0.735491,0.679452,0.678550,0.565982,0.836826,0.685315,0.383978,0.672165,0.871504,0.728723,0.636298
0.018028,0.575598,1371,2229,1667,2357,3011,2295,2382,3092,2760,1440,3263,2921,2010,2871,,0.553131,0.449304,0.520909,0.734375,0.679452,0.677946,0.566960,0.836078,0.685315,0.383978,0.671134,0.871504,0.729787,0.638451
0.017977,0.593575,1371,2229,1667,2357,3011,2295,2382,3092,2760,1440,3263,2921,2010,2871,,0.553131,0.449304,0.520909,0.734375,0.679452,0.677946,0.566960,0.836078,0.685315,0.383978,0.671134,0.871504,0.729787,0.638451
0.017998,0.611573,1371,2230,1666,2358,3012,2295,2382,3093,2759,1440,3264,2921,2009,2872,,0.553131,0.450298,0.520000,0.735491,0.680137,0.677946,0.566960,0.836826,0.684149,0.383978,0.672165,0.871504,0.728723,0.639168
0.018003,0.629576,1371,2229,1666,2358,3011,2295,2382,3093,2759,1440,3264,2921,2009,2872,,0.553131,0.449304,0.520000,0.735491,0.679452,0.677946,0.566960,0.836826,0.684149,0.383978,0.672165,0.871504,0.728723,0.639168
0.017976,0.647552,1371,2230,1666,2358,3012,2296,2382,3093,2760,1440,3264,2921,2009,2872,,0.553131,0.450298,0.520000,0.735491,0.680137,0.678550,0.566960,0.836826,0.685315,0.383978,0.672165,0.871504,0.728723,0.639168
0.018027,0.665579,1373,2230,1667,2358,3012,2296,2383,3093,2760,1440,3264,2921,2010,2873,,0.555028,0.450298,0.520909,0.735491,0.680137,0.678550,0.567937,0.836826,0.685315,0.383978,0.672165,0.871504,0.729787,0.639885
0.018000,0.683579,1372,2231,1666,2357,3012,2295,2383,3093,2761,1441,3264,2921,2010,2875,,0.554080,0.451292,0.520000,0.734375,0.680137,0.677946,0.567937,0.836826,0.686480,0.384899,0.672165,0.871504,0.729787,0.641320
0.018010,0.701589,1372,2231,1667,2359,3011,2295,2383,3093,2760,1441,3264,2921,2009,2876,,0.554080,0.451292,0.520909,0.736607,0.679452,0.677946,0.567937,0.836826,0.685315,0.384899,0.672165,0.871504,0.728723,0.642037
0.017993,0.719581,1372,2231,1665,2359,3011,2295,2383,3093,2760,1441,3265,2921,2010,2877,,0.554080,0.451292,0.519091,0.736607,0.679452,0.677946,0.567937,0.836826,0.685315,0.384899,0.673196,0.871504,0.729787,0.642755
0.017997,0.737579,1373,2232,1665,2359,3011,2295,2384,3093,2760,1442,3264,2922,2010,2879,,0.555028,0.452286,0.519091,0.736607,0.679452,0.677946,0.568915,0.836826,0.685315,0.385820,0.672165,0.872260,0.729787,0.644189
0.018008,0.755586,1374,2232,1665,2358,3011,2295,2384,3093,2760,1441,3265,2921,2009,2881,,0.555977,0.452286,0.519091,0.735491,0.679452,0.677946,0.568915,0.836826,0.685315,0.384899,0.673196,0.871504,0.728723,0.645624
0.018025,0.773612,1373,2232,1666,2358,3011,2295,2383,3094,2760,1442,3264,2922,2010,2881,,0.555028,0.452286,0.520000,0.735491,0.679452,0.677946,0.567937,0.837575,0.685315,0.385820,0.672165,0.872260,0.729787,0.645624
0.018000,0.791611,1373,2232,1666,2359,3012,2295,2383,3093,2761,1442,3265,2922,2010,2882,,0.555028,0.452286,0.520000,0.736607,0.680137,0.677946,0.567937,0.836826,0.686480,0.385820,0.673196,0.872260,0.729787,0.646341
0.017973,0.809585,1373,2232,1665,2359,3012,2295,2383,3093,2760,1442,3265,2921,2010,2882,,0.555028,0.452286,0.519091,0.736607,0.680137,0.677946,0.567937,0.836826,0.685315,0.385820,0.673196,0.871504,0.729787,0.646341
0.018038,0.827622,1373,2232,1665,2359,3012,2295,2383,3093,2760,1442,3265,2921,2010,2882,,0.555028,0.452286,0.519091,0.736607,0.680137,0.677946,0.567937,0.836826,0.685315,0.385820,0.673196,0.871504,0.729787,0.646341
0.017990,0.845612,1373,2232,1665,2359,3011,2296,2384,3093,2760,1442,3264,2922,2010,2883,,0.555028,0.452286,0.519091,0.736607,0.679452,0.678550,0.568915,0.836826,0.685315,0.385820,0.672165,0.872260,0.729787,0.647059
0.017987,0.863599,1373,2233,1665,2359,3011,2295,2384,3093,2760,1441,3265,2922,2011,2883,,0.555028,0.453280,0.519091,0.736607,0.679452,0.677946,0.568915,0.836826,0.685315,0.384899,0.673196,0.872260,0.730851,0.647059
0.018025,0.881624,1374,2233,1665,2359,3012,2295,2384,3093,2760,1442,3264,2922,2011,2883,,0.555977,0.453280,0.519091,0.736607,0.680137,0.677946,0.568915,0.836826,0.685315,0.385820,0.672165,0.872260,0.730851,0.647059
0.017988,0.899611,1373,2234,1665,2359,3012,2296,2384,3093,2760,1443,3265,2921,2012,2883,,0.555028,0.454274,0.519091,0.736607,0.680137,0.678550,0.568915,0.836826,0.685315,0.386740,0.673196,0.871504,0.731915,0.647059
0.017980,0.917591,1373,2234,1666,2359,3012,2295,2384,3093,2760,1443,3264,2921,2011,2883,,0.555028,0.454274,0.520000,0.736607,0.680137,0.677946,0.568915,0.836826,0.685315,0.386740,0.672165,0.871504,0.730851,0.647059
0.017978,0.935569,1373,2234,1665,2359,3011,2296,2384,3094,2759,1442,3265,2921,2011,2882,,0.555028,0.454274,0.519091,0.736607,0.679452,0.678550,0.568915,0.837575,0.684149,0.385820,0.673196,0.871504,0.730851,0.646341
0.018058,0.953627,1374,2234,1665,2358,3012,2296,2384,3094,2760,1442,3266,2922,2011,2883,,0.555977,0.454274,0.519091,0.735491,0.680137,0.678550,0.568915,0.837575,0.685315,0.385820,0.674227,0.872260,0.730851,0.647059
0.017986,0.971613,1374,2234,1665,2359,3012,2294,2383,3094,2759,1442,3265,2922,2011,2882,,0.555977,0.454274,0.519091,0.736607,0.680137,0.677341,0.567937,0.837575,0.684149,0.385820,0.673196,0.872260,0.730851,0.646341
0.018009,0.989622,1373,2235,1665,2358,3012,2296,2383,3093,2760,1443,3265,2921,2010,2882,,0.555028,0.455268,0.519091,0.735491,0.680137,0.678550,0.567937,0.836826,0.685315,0.386740,0.673196,0.871504,0.729787,0.646341
0.017953,1.007576,1373,2235,1664,2359,3011,2296,2383,3094,2758,1443,3265,2921,2011,2882,,0.555028,0.455268,0.518182,0.736607,0.679452,0.678550,0.567937,0.837575,0.682984,0.386740,0.673196,0.871504,0.730851,0.646341
0.018054,1.025630,1374,2236,1663,2358,3011,2295,2384,3094,2759,1443,3264,2921,2011,2881,,0.555977,0.456262,0.517273,0.735491,0.679452,0.677946,0.568915,0.837575,0.684149,0.386740,0.672165,0.871504,0.730851,0.645624
0.017969,1.043599,1374,2236,1663,2359,3012,2295,2383,3094,2759,1443,3264,2921,2011,2883,,0.555977,0.456262,0.517273,0.736607,0.680137,0.677946,0.567937,0.837575,0.684149,0.386740,0.672165,0.871504,0.730851,0.647059
0.018026,1.061624,1374,2236,1663,2358,3012,2296,2383,3093,2759,1443,3265,2922,2011,2882,,0.555977,0.456262,0.517273,0.735491,0.680137,0.678550,0.567937,0.836826,0.684149,0.386740,0.673196,0.872260,0.730851,0.646341
0.018005,1.079630,1373,2236,1663,2358,3011,2295,2382,3094,2758,1442,3264,2921,2010,2881,,0.555028,0.456262,0.517273,0.735491,0.679452,0.677946,0.566960,0.837575,0.682984,0.385820,0.672165,0.871504,0.729787,0.645624
0.017968,1.097598,1373,2236,1663,2358,3011,2295,2382,3094,2758,1442,3264,2921,2010,2882,,0.555028,0.456262,0.517273,0.735491,0.679452,0.677946,0.566960,0.837575,0.682984,0.385820,0.672165,0.871504,0.729787,0.646341
0.018001,1.115599,1373,2236,1661,2358,3011,2295,2382,3094,2757,1441,3265,2921,2010,2882,,0.555028,0.456262,0.515455,0.735491,0.679452,0.677946,0.566960,0.837575,0.681818,0.384899,0.673196,0.871504,0.729787,0.646341
0.017981,1.133580,1373,2236,1661,2358,3011,2295,2382,3094,2757,1441,3265,2921,2010,2882,,0.555028,0.456262,0.515455,0.735491,0.679452,0.677946,0.566960,0.837575,0.681818,0.384899,0.673196,0.871504,0.729787,0.646341
0.018021,1.151601,1373,2237,1662,2358,3011,2296,2382,3094,2759,1442,3265,2921,2011,2882,,0.555028,0.457256,0.516364,0.735491,0.679452,0.678550,0.566960,0.837575,0.684149,0.385820,0.673196,0.871504,0.730851,0.646341
0.018000,1.169601,1373,2237,1662,2358,3011,2296,2382,3094,2759,1442,3265,2921,2011,2882,,0.555028,0.457256,0.516364,0.735491,0.679452,0.678550,0.566960,0.837575,0.684149,0.385820,0.673196,0.871504,0.730851,0.646341
0.018006,1.187607,1374,2238,1661,2358,3010,2295,2382,3093,2758,1443,3264,2922,2010,2882,,0.555977,0.458250,0.515455,0.735491,0.678767,0.677946,0.566960,0.836826,0.682984,0.386740,0.672165,0.872260,0.729787,0.646341
