GloveManager recording started on 10/20/16 at 16:18:16

,,Glove 1,Glove 1,Glove 1,Glove 1,Glove 1,Glove 1,Glove 1,Glove 1,Glove 1,Glove 1,Glove 1,Glove 1,Glove 1,Glove 1,,Glove 1 Scaled,Glove 1 Scaled,Glove 1 Scaled,Glove 1 Scaled,Glove 1 Scaled,Glove 1 Scaled,Glove 1 Scaled,Glove 1 Scaled,Glove 1 Scaled,Glove 1 Scaled,Glove 1 Scaled,Glove 1 Scaled,Glove 1 Scaled,Glove 1 Scaled
delta time (s), absolute time (s),Thumb Near,Thumb Far,Thumb/Index,Index Near,Index Far,Index/Middle,Middle Near,Middle Far,Middle/Ring,Ring Near,Ring Far,Ring/Little,Little Near,Little Far,,Thumb Near,Thumb Far,Thumb/Index,Index Near,Index Far,Index/Middle,Middle Near,Middle Far,Middle/Ring,Ring Near,Ring Far,Ring/Little,Little Near,Little Far
0.017445,0.017445,1368,1983,1182,2275,2748,2204,2148,2977,2843,1161,3147,2936,1600,2460,,0.550285,0.204771,0.080000,0.642857,0.499315,0.622961,0.338221,0.750000,0.782051,0.127072,0.551546,0.882842,0.293617,0.343616
0.018001,0.035445,1367,1983,1182,2274,2747,2204,2148,2978,2843,1161,3148,2936,1600,2460,,0.549336,0.204771,0.080000,0.641741,0.498630,0.622961,0.338221,0.750749,0.782051,0.127072,0.552577,0.882842,0.293617,0.343616
0.018001,0.053446,1367,1983,1182,2274,2747,2204,2148,2978,2843,1161,3148,2936,1600,2460,,0.549336,0.204771,0.080000,0.641741,0.498630,0.622961,0.338221,0.750749,0.782051,0.127072,0.552577,0.882842,0.293617,0.343616
0.017997,0.071443,1368,1983,1183,2275,2747,2204,2147,2977,2843,1162,3148,2935,1601,2460,,0.550285,0.204771,0.080909,0.642857,0.498630,0.622961,0.337243,0.750000,0.782051,0.127993,0.552577,0.882086,0.294681,0.343616
0.018033,0.089476,1368,1984,1183,2275,2747,2204,2148,2977,2843,1162,3148,2936,1601,2460,,0.550285,0.205765,0.080909,0.642857,0.498630,0.622961,0.338221,0.750000,0.782051,0.127993,0.552577,0.882842,0.294681,0.343616
0.017947,0.107424,1368,1984,1183,2275,2747,2204,2148,2977,2843,1161,3148,2935,1601,2460,,0.550285,0.205765,0.080909,0.642857,0.498630,0.622961,0.338221,0.750000,0.782051,0.127072,0.552577,0.882086,0.294681,0.343616
0.018045,0.125469,1369,1984,1182,2274,2747,2205,2148,2977,2843,1162,3149,2935,1600,2459,,0.551233,0.205765,0.080000,0.641741,0.498630,0.623565,0.338221,0.750000,0.782051,0.127993,0.553608,0.882086,0.293617,0.342898
0.018009,0.143478,1368,1984,1183,2274,2747,2204,2147,2976,2843,1162,3148,2936,1601,2459,,0.550285,0.205765,0.080909,0.641741,0.498630,0.622961,0.337243,0.749251,0.782051,0.127993,0.552577,0.882842,0.294681,0.342898
0.017996,0.161475,1368,1984,1183,2274,2747,2205,2149,2976,2843,1162,3148,2936,1601,2460,,0.550285,0.205765,0.080909,0.641741,0.498630,0.623565,0.339198,0.749251,0.782051,0.127993,0.552577,0.882842,0.294681,0.343616
0.018004,0.179478,1368,1984,1183,2274,2747,2205,2149,2976,2843,1162,3148,2936,1601,2460,,0.550285,0.205765,0.080909,0.641741,0.498630,0.623565,0.339198,0.749251,0.782051,0.127993,0.552577,0.882842,0.294681,0.343616
0.018015,0.197494,1368,1984,1183,2274,2747,2205,2147,2976,2843,1161,3147,2935,1601,2459,,0.550285,0.205765,0.080909,0.641741,0.498630,0.623565,0.337243,0.749251,0.782051,0.127072,0.551546,0.882086,0.294681,0.342898
0.017989,0.215482,1368,1984,1183,2274,2746,2205,2148,2976,2843,1162,3148,2935,1601,2459,,0.550285,0.205765,0.080909,0.641741,0.497945,0.623565,0.338221,0.749251,0.782051,0.127993,0.552577,0.882086,0.294681,0.342898
0.017998,0.233481,1368,1985,1183,2275,2747,2205,2148,2975,2843,1162,3148,2935,1601,2459,,0.550285,0.206759,0.080909,0.642857,0.498630,0.623565,0.338221,0.748503,0.782051,0.127993,0.552577,0.882086,0.294681,0.342898
0.018010,0.251491,1369,1984,1183,2274,2747,2205,2147,2976,2843,1162,3147,2935,1601,2459,,0.551233,0.205765,0.080909,0.641741,0.498630,0.623565,0.337243,0.749251,0.782051,0.127993,0.551546,0.882086,0.294681,0.342898
0.017993,0.269483,1368,1985,1183,2273,2746,2205,2147,2976,2844,1162,3147,2935,1601,2459,,0.550285,0.206759,0.080909,0.640625,0.497945,0.623565,0.337243,0.749251,0.783217,0.127993,0.551546,0.882086,0.294681,0.342898
0.017976,0.287459,1368,1984,1183,2274,2747,2206,2148,2976,2843,1162,3148,2935,1602,2459,,0.550285,0.205765,0.080909,0.641741,0.498630,0.624169,0.338221,0.749251,0.782051,0.127993,0.552577,0.882086,0.295745,0.342898
0.017995,0.305455,1369,1984,1183,2274,2746,2205,2148,2975,2844,1162,3147,2935,1602,2459,,0.551233,0.205765,0.080909,0.641741,0.497945,0.623565,0.338221,0.748503,0.783217,0.127993,0.551546,0.882086,0.295745,0.342898
0.018044,0.323499,1368,1985,1182,2275,2746,2206,2148,2975,2843,1163,3147,2935,1601,2459,,0.550285,0.206759,0.080000,0.642857,0.497945,0.624169,0.338221,0.748503,0.782051,0.128913,0.551546,0.882086,0.294681,0.342898
0.017986,0.341485,1369,1985,1182,2274,2746,2205,2148,2976,2843,1163,3147,2935,1601,2459,,0.551233,0.206759,0.080000,0.641741,0.497945,0.623565,0.338221,0.749251,0.782051,0.128913,0.551546,0.882086,0.294681,0.342898
0.018009,0.359494,1368,1985,1183,2274,2746,2205,2148,2975,2843,1163,3148,2936,1601,2459,,0.550285,0.206759,0.080909,0.641741,0.497945,0.623565,0.338221,0.748503,0.782051,0.128913,0.552577,0.882842,0.294681,0.342898
0.017996,0.377490,1368,1985,1183,2275,2746,2205,2149,2975,2843,1162,3147,2935,1601,2460,,0.550285,0.206759,0.080909,0.642857,0.497945,0.623565,0.339198,0.748503,0.782051,0.127993,0.551546,0.882086,0.294681,0.343616
0.018001,0.395491,1368,1985,1183,2275,2746,2205,2149,2975,2843,1162,3147,2935,1601,2460,,0.550285,0.206759,0.080909,0.642857,0.497945,0.623565,0.339198,0.748503,0.782051,0.127993,0.551546,0.882086,0.294681,0.343616
0.017997,0.413489,1368,1985,1183,2275,2747,2205,2149,2974,2843,1162,3146,2936,1601,2459,,0.550285,0.206759,0.080909,0.642857,0.498630,0.623565,0.339198,0.747755,0.782051,0.127993,0.550515,0.882842,0.294681,0.342898
0.017981,0.431470,1368,1985,1183,2274,2746,2205,2149,2974,2843,1162,3147,2935,1601,2459,,0.550285,0.206759,0.080909,0.641741,0.497945,0.623565,0.339198,0.747755,0.782051,0.127993,0.551546,0.882086,0.294681,0.342898
0.018021,0.449491,1368,1986,1182,2274,2747,2205,2149,2974,2843,1162,3147,2935,1601,2459,,0.550285,0.207753,0.080000,0.641741,0.498630,0.623565,0.339198,0.747755,0.782051,0.127993,0.551546,0.882086,0.294681,0.342898
0.018008,0.467499,1368,1985,1183,2273,2746,2205,2150,2974,2843,1162,3146,2935,1601,2460,,0.550285,0.206759,0.080909,0.640625,0.497945,0.623565,0.340176,0.747755,0.782051,0.127993,0.550515,0.882086,0.294681,0.343616
0.017993,0.485492,1369,1985,1182,2274,2746,2205,2150,2974,2842,1162,3147,2936,1601,2459,,0.551233,0.206759,0.080000,0.641741,0.497945,0.623565,0.340176,0.747755,0.780886,0.127993,0.551546,0.882842,0.294681,0.342898
0.018014,0.503506,1368,1987,1183,2274,2746,2206,2150,2974,2843,1162,3147,2936,1601,2459,,0.550285,0.208748,0.080909,0.641741,0.497945,0.624169,0.340176,0.747755,0.782051,0.127993,0.551546,0.882842,0.294681,0.342898
0.017988,0.521494,1368,1985,1183,2274,2747,2205,2149,2974,2842,1162,3148,2935,1601,2460,,0.550285,0.206759,0.080909,0.641741,0.498630,0.623565,0.339198,0.747755,0.780886,0.127993,0.552577,0.882086,0.294681,0.343616
0.017999,0.539492,1368,1986,1182,2274,2747,2206,2151,2974,2842,1162,3147,2935,1601,2460,,0.550285,0.207753,0.080000,0.641741,0.498630,0.624169,0.341153,0.747755,0.780886,0.127993,0.551546,0.882086,0.294681,0.343616
0.018005,0.557498,1368,1986,1182,2274,2747,2206,2150,2974,2843,1163,3147,2935,1602,2460,,0.550285,0.207753,0.080000,0.641741,0.498630,0.624169,0.340176,0.747755,0.782051,0.128913,0.551546,0.882086,0.295745,0.343616
0.018005,0.575502,1368,1987,1182,2275,2747,2205,2151,2974,2842,1162,3147,2935,1602,2459,,0.550285,0.208748,0.080000,0.642857,0.498630,0.623565,0.341153,0.747755,0.780886,0.127993,0.551546,0.882086,0.295745,0.342898
0.017998,0.593501,1368,1986,1182,2273,2747,2205,2150,2973,2842,1163,3147,2935,1601,2460,,0.550285,0.207753,0.080000,0.640625,0.498630,0.623565,0.340176,0.747006,0.780886,0.128913,0.551546,0.882086,0.294681,0.343616
0.018017,0.611517,1369,1987,1182,2274,2747,2206,2151,2973,2842,1162,3146,2935,1602,2460,,0.551233,0.208748,0.080000,0.641741,0.498630,0.624169,0.341153,0.747006,0.780886,0.127993,0.550515,0.882086,0.295745,0.343616
0.017986,0.629503,1370,1987,1183,2274,2748,2206,2151,2974,2842,1163,3147,2935,1602,2460,,0.552182,0.208748,0.080909,0.641741,0.499315,0.624169,0.341153,0.747755,0.780886,0.128913,0.551546,0.882086,0.295745,0.343616
0.017995,0.647498,1369,1988,1182,2274,2749,2205,2152,2973,2843,1163,3147,2935,1607,2461,,0.551233,0.209742,0.080000,0.641741,0.500000,0.623565,0.342131,0.747006,0.782051,0.128913,0.551546,0.882086,0.301064,0.344333
0.018015,0.665514,1369,1988,1182,2274,2749,2205,2152,2973,2843,1163,3147,2935,1607,2461,,0.551233,0.209742,0.080000,0.641741,0.500000,0.623565,0.342131,0.747006,0.782051,0.128913,0.551546,0.882086,0.301064,0.344333
0.017985,0.683499,1370,1989,1182,2274,2753,2207,2152,2973,2842,1163,3147,2936,1602,2461,,0.552182,0.210736,0.080000,0.641741,0.502740,0.624773,0.342131,0.747006,0.780886,0.128913,0.551546,0.882842,0.295745,0.344333
0.018004,0.701503,1370,1990,1183,2274,2754,2207,2153,2973,2842,1164,3147,2935,1608,2461,,0.552182,0.211730,0.080909,0.641741,0.503425,0.624773,0.343109,0.747006,0.780886,0.129834,0.551546,0.882086,0.302128,0.344333
0.017999,0.719502,1370,1991,1182,2274,2755,2207,2153,2973,2842,1163,3147,2935,1603,2461,,0.552182,0.212724,0.080000,0.641741,0.504110,0.624773,0.343109,0.747006,0.780886,0.128913,0.551546,0.882086,0.296809,0.344333
0.018005,0.737507,1370,1991,1182,2274,2757,2207,2153,2973,2841,1164,3147,2936,1602,2461,,0.552182,0.212724,0.080000,0.641741,0.505479,0.624773,0.343109,0.747006,0.779720,0.129834,0.551546,0.882842,0.295745,0.344333
0.017993,0.755501,1371,1992,1182,2274,2756,2207,2154,2973,2841,1164,3146,2935,1603,2462,,0.553131,0.213718,0.080000,0.641741,0.504795,0.624773,0.344086,0.747006,0.779720,0.129834,0.550515,0.882086,0.296809,0.345050
0.018012,0.773512,1371,1992,1182,2274,2756,2207,2154,2973,2841,1164,3146,2935,1603,2462,,0.553131,0.213718,0.080000,0.641741,0.504795,0.624773,0.344086,0.747006,0.779720,0.129834,0.550515,0.882086,0.296809,0.345050
0.018024,0.791537,1371,1992,1182,2274,2757,2207,2154,2972,2841,1163,3146,2935,1603,2461,,0.553131,0.213718,0.080000,0.641741,0.505479,0.624773,0.344086,0.746257,0.779720,0.128913,0.550515,0.882086,0.296809,0.344333
0.017977,0.809513,1371,1992,1182,2274,2757,2207,2154,2972,2841,1163,3146,2935,1603,2461,,0.553131,0.213718,0.080000,0.641741,0.505479,0.624773,0.344086,0.746257,0.779720,0.128913,0.550515,0.882086,0.296809,0.344333
0.018002,0.827515,1371,1991,1183,2274,2758,2207,2154,2973,2841,1164,3146,2936,1603,2462,,0.553131,0.212724,0.080909,0.641741,0.506164,0.624773,0.344086,0.747006,0.779720,0.129834,0.550515,0.882842,0.296809,0.345050
0.017998,0.845513,1371,1993,1184,2274,2758,2207,2154,2972,2841,1164,3146,2936,1603,2462,,0.553131,0.214712,0.081818,0.641741,0.506164,0.624773,0.344086,0.746257,0.779720,0.129834,0.550515,0.882842,0.296809,0.345050
0.017995,0.863508,1371,1993,1183,2274,2759,2207,2154,2973,2841,1164,3146,2935,1603,2461,,0.553131,0.214712,0.080909,0.641741,0.506849,0.624773,0.344086,0.747006,0.779720,0.129834,0.550515,0.882086,0.296809,0.344333
0.018001,0.881509,1372,1994,1183,2275,2760,2206,2153,2973,2841,1163,3146,2935,1603,2462,,0.554080,0.215706,0.080909,0.642857,0.507534,0.624169,0.343109,0.747006,0.779720,0.128913,0.550515,0.882086,0.296809,0.345050
0.018010,0.899519,1371,1995,1184,2275,2761,2207,2154,2974,2842,1164,3147,2935,1603,2462,,0.553131,0.216700,0.081818,0.642857,0.508219,0.624773,0.344086,0.747755,0.780886,0.129834,0.551546,0.882086,0.296809,0.345050
0.018003,0.917522,1370,1995,1183,2274,2762,2207,2153,2973,2842,1164,3146,2935,1603,2462,,0.552182,0.216700,0.080909,0.641741,0.508904,0.624773,0.343109,0.747006,0.780886,0.129834,0.550515,0.882086,0.296809,0.345050
0.017993,0.935515,1371,1995,1183,2275,2762,2207,2154,2973,2842,1164,3147,2936,1603,2461,,0.553131,0.216700,0.080909,0.642857,0.508904,0.624773,0.344086,0.747006,0.780886,0.129834,0.551546,0.882842,0.296809,0.344333
0.017997,0.953511,1371,1996,1183,2274,2762,2208,2155,2973,2843,1165,3147,2936,1604,2462,,0.553131,0.217694,0.080909,0.641741,0.508904,0.625378,0.345064,0.747006,0.782051,0.130755,0.551546,0.882842,0.297872,0.345050
0.018001,0.971513,1371,1997,1184,2274,2762,2206,2154,2974,2842,1163,3147,2935,1603,2462,,0.553131,0.218688,0.081818,0.641741,0.508904,0.624169,0.344086,0.747755,0.780886,0.128913,0.551546,0.882086,0.296809,0.345050
0.018011,0.989523,1373,1999,1184,2275,2764,2207,2155,2973,2843,1164,3147,2935,1603,2461,,0.555028,0.220676,0.081818,0.642857,0.510274,0.624773,0.345064,0.747006,0.782051,0.129834,0.551546,0.882086,0.296809,0.344333
0.017992,1.007516,1373,1999,1184,2275,2764,2207,2155,2973,2843,1164,3147,2935,1603,2461,,0.555028,0.220676,0.081818,0.642857,0.510274,0.624773,0.345064,0.747006,0.782051,0.129834,0.551546,0.882086,0.296809,0.344333
0.017987,1.025503,1371,1998,1184,2274,2763,2208,2155,2974,2842,1164,3147,2935,1603,2461,,0.553131,0.219682,0.081818,0.641741,0.509589,0.625378,0.345064,0.747755,0.780886,0.129834,0.551546,0.882086,0.296809,0.344333
0.018020,1.043523,1372,1999,1185,2275,2763,2208,2155,2973,2842,1164,3147,2935,1603,2461,,0.554080,0.220676,0.082727,0.642857,0.509589,0.625378,0.345064,0.747006,0.780886,0.129834,0.551546,0.882086,0.296809,0.344333
0.017993,1.061517,1372,1999,1185,2275,2764,2208,2156,2973,2843,1165,3148,2934,1603,2462,,0.554080,0.220676,0.082727,0.642857,0.510274,0.625378,0.346041,0.747006,0.782051,0.130755,0.552577,0.881330,0.296809,0.345050
0.018002,1.079519,1372,2000,1183,2274,2764,2207,2156,2973,2842,1164,3147,2935,1603,2461,,0.554080,0.221670,0.080909,0.641741,0.510274,0.624773,0.346041,0.747006,0.780886,0.129834,0.551546,0.882086,0.296809,0.344333
0.018006,1.097525,1372,2001,1184,2275,2764,2208,2155,2972,2843,1164,3148,2934,1604,2462,,0.554080,0.222664,0.081818,0.642857,0.510274,0.625378,0.345064,0.746257,0.782051,0.129834,0.552577,0.881330,0.297872,0.345050
0.018000,1.115526,1373,2001,1184,2275,2765,2208,2156,2972,2842,1165,3147,2935,1603,2462,,0.555028,0.222664,0.081818,0.642857,0.510959,0.625378,0.346041,0.746257,0.780886,0.130755,0.551546,0.882086,0.296809,0.345050
0.017997,1.133523,1373,2002,1184,2274,2764,2207,2155,2972,2842,1165,3147,2934,1604,2462,,0.555028,0.223658,0.081818,0.641741,0.510274,0.624773,0.345064,0.746257,0.780886,0.130755,0.551546,0.881330,0.297872,0.345050
0.017996,1.151519,1372,2001,1184,2275,2764,2208,2155,2972,2842,1164,3147,2935,1603,2461,,0.554080,0.222664,0.081818,0.642857,0.510274,0.625378,0.345064,0.746257,0.780886,0.129834,0.551546,0.882086,0.296809,0.344333
0.017984,1.169504,1372,2001,1185,2275,2765,2208,2156,2972,2843,1164,3147,2934,1603,2461,,0.554080,0.222664,0.082727,0.642857,0.510959,0.625378,0.346041,0.746257,0.782051,0.129834,0.551546,0.881330,0.296809,0.344333
0.018020,1.187523,1372,2002,1185,2275,2765,2208,2155,2972,2842,1164,3147,2935,1604,2462,,0.554080,0.223658,0.082727,0.642857,0.510959,0.625378,0.345064,0.746257,0.780886,0.129834,0.551546,0.882086,0.297872,0.345050
0.018001,1.205524,1373,2003,1185,2275,2766,2208,2156,2972,2842,1165,3147,2936,1604,2462,,0.555028,0.224652,0.082727,0.642857,0.511644,0.625378,0.346041,0.746257,0.780886,0.130755,0.551546,0.882842,0.297872,0.345050
0.018001,1.223525,1373,2003,1186,2275,2765,2208,2156,2972,2841,1165,3147,2935,1603,2462,,0.555028,0.224652,0.083636,0.642857,0.510959,0.625378,0.346041,0.746257,0.779720,0.130755,0.551546,0.882086,0.296809,0.345050
