GloveManager recording started on 10/20/16 at 16:19:23

,,Glove 1,Glove 1,Glove 1,Glove 1,Glove 1,Glove 1,Glove 1,Glove 1,Glove 1,Glove 1,Glove 1,Glove 1,Glove 1,Glove 1,,Glove 1 Scaled,Glove 1 Scaled,Glove 1 Scaled,Glove 1 Scaled,Glove 1 Scaled,Glove 1 Scaled,Glove 1 Scaled,Glove 1 Scaled,Glove 1 Scaled,Glove 1 Scaled,Glove 1 Scaled,Glove 1 Scaled,Glove 1 Scaled,Glove 1 Scaled
delta time (s), absolute time (s),Thumb Near,Thumb Far,Thumb/Index,Index Near,Index Far,Index/Middle,Middle Near,Middle Far,Middle/Ring,Ring Near,Ring Far,Ring/Little,Little Near,Little Far,,Thumb Near,Thumb Far,Thumb/Index,Index Near,Index Far,Index/Middle,Middle Near,Middle Far,Middle/Ring,Ring Near,Ring Far,Ring/Little,Little Near,Little Far
0.017442,0.017442,1319,2159,1543,1950,2238,1970,1909,2222,2817,1123,3049,2610,1752,3242,,0.503795,0.379722,0.408182,0.280134,0.150000,0.481571,0.104594,0.184880,0.751748,0.092081,0.450515,0.636432,0.455319,0.904591
0.018017,0.035459,1319,2159,1543,1949,2237,1969,1909,2221,2817,1124,3049,2609,1752,3242,,0.503795,0.379722,0.408182,0.279018,0.149315,0.480967,0.104594,0.184132,0.751748,0.093002,0.450515,0.635677,0.455319,0.904591
0.017998,0.053457,1320,2160,1543,1950,2238,1969,1908,2221,2818,1122,3048,2610,1752,3240,,0.504744,0.380716,0.408182,0.280134,0.150000,0.480967,0.103617,0.184132,0.752914,0.091160,0.449485,0.636432,0.455319,0.903156
0.018005,0.071462,1319,2159,1543,1950,2237,1969,1908,2220,2818,1123,3047,2609,1752,3241,,0.503795,0.379722,0.408182,0.280134,0.149315,0.480967,0.103617,0.183383,0.752914,0.092081,0.448454,0.635677,0.455319,0.903874
0.017987,0.089449,1319,2159,1543,1950,2237,1969,1908,2220,2818,1123,3047,2609,1752,3241,,0.503795,0.379722,0.408182,0.280134,0.149315,0.480967,0.103617,0.183383,0.752914,0.092081,0.448454,0.635677,0.455319,0.903874
0.018039,0.107488,1319,2158,1542,1950,2237,1969,1909,2220,2819,1123,3048,2609,1753,3240,,0.503795,0.378728,0.407273,0.280134,0.149315,0.480967,0.104594,0.183383,0.754079,0.092081,0.449485,0.635677,0.456383,0.903156
0.017963,0.125452,1319,2159,1542,1949,2238,1970,1909,2220,2820,1123,3049,2609,1754,3241,,0.503795,0.379722,0.407273,0.279018,0.150000,0.481571,0.104594,0.183383,0.755245,0.092081,0.450515,0.635677,0.457447,0.903874
0.017952,0.143404,1320,2159,1544,1950,2237,1970,1909,2220,2821,1123,3048,2609,1754,3240,,0.504744,0.379722,0.409091,0.280134,0.149315,0.481571,0.104594,0.183383,0.756410,0.092081,0.449485,0.635677,0.457447,0.903156
0.018023,0.161427,1319,2159,1543,1950,2238,1970,1909,2220,2821,1123,3048,2609,1752,3240,,0.503795,0.379722,0.408182,0.280134,0.150000,0.481571,0.104594,0.183383,0.756410,0.092081,0.449485,0.635677,0.455319,0.903156
0.018038,0.179464,1319,2157,1542,1950,2238,1971,1909,2219,2822,1123,3048,2609,1753,3239,,0.503795,0.377734,0.407273,0.280134,0.150000,0.482175,0.104594,0.182635,0.757576,0.092081,0.449485,0.635677,0.456383,0.902439
0.017965,0.197429,1319,2158,1541,1950,2238,1972,1909,2219,2823,1123,3048,2609,1752,3239,,0.503795,0.378728,0.406364,0.280134,0.150000,0.482779,0.104594,0.182635,0.758741,0.092081,0.449485,0.635677,0.455319,0.902439
0.018042,0.215472,1319,2157,1541,1950,2238,1974,1909,2219,2823,1123,3047,2609,1754,3239,,0.503795,0.377734,0.406364,0.280134,0.150000,0.483988,0.104594,0.182635,0.758741,0.092081,0.448454,0.635677,0.457447,0.902439
0.017991,0.233463,1320,2158,1542,1950,2238,1974,1909,2220,2824,1123,3048,2609,1755,3240,,0.504744,0.378728,0.407273,0.280134,0.150000,0.483988,0.104594,0.183383,0.759907,0.092081,0.449485,0.635677,0.458511,0.903156
0.017990,0.251453,1320,2158,1541,1950,2238,1974,1910,2219,2824,1124,3049,2609,1754,3240,,0.504744,0.378728,0.406364,0.280134,0.150000,0.483988,0.105572,0.182635,0.759907,0.093002,0.450515,0.635677,0.457447,0.903156
0.017959,0.269412,1319,2158,1542,1951,2238,1973,1910,2220,2826,1123,3048,2609,1754,3239,,0.503795,0.378728,0.407273,0.281250,0.150000,0.483384,0.105572,0.183383,0.762238,0.092081,0.449485,0.635677,0.457447,0.902439
0.018070,0.287482,1319,2158,1540,1950,2237,1974,1909,2218,2826,1123,3047,2608,1755,3238,,0.503795,0.378728,0.405455,0.280134,0.149315,0.483988,0.104594,0.181886,0.762238,0.092081,0.448454,0.634921,0.458511,0.901722
0.017963,0.305445,1319,2158,1540,1950,2237,1974,1909,2218,2826,1123,3047,2608,1755,3238,,0.503795,0.378728,0.405455,0.280134,0.149315,0.483988,0.104594,0.181886,0.762238,0.092081,0.448454,0.634921,0.458511,0.901722
0.018018,0.323463,1319,2158,1541,1950,2238,1975,1909,2219,2828,1123,3048,2608,1759,3238,,0.503795,0.378728,0.406364,0.280134,0.150000,0.484592,0.104594,0.182635,0.764569,0.092081,0.449485,0.634921,0.462766,0.901722
0.018000,0.341463,1319,2158,1541,1950,2238,1975,1909,2219,2828,1123,3048,2608,1759,3238,,0.503795,0.378728,0.406364,0.280134,0.150000,0.484592,0.104594,0.182635,0.764569,0.092081,0.449485,0.634921,0.462766,0.901722
0.018007,0.359470,1319,2157,1542,1950,2238,1975,1910,2219,2829,1124,3048,2608,1756,3238,,0.503795,0.377734,0.407273,0.280134,0.150000,0.484592,0.105572,0.182635,0.765734,0.093002,0.449485,0.634921,0.459574,0.901722
0.017969,0.377439,1319,2157,1543,1949,2238,1974,1910,2219,2830,1123,3048,2609,1756,3239,,0.503795,0.377734,0.408182,0.279018,0.150000,0.483988,0.105572,0.182635,0.766900,0.092081,0.449485,0.635677,0.459574,0.902439
0.018063,0.395502,1318,2157,1543,1950,2238,1974,1910,2218,2830,1124,3048,2609,1757,3237,,0.502846,0.377734,0.408182,0.280134,0.150000,0.483988,0.105572,0.181886,0.766900,0.093002,0.449485,0.635677,0.460638,0.901004
0.017939,0.413441,1319,2158,1544,1950,2237,1974,1909,2217,2830,1123,3048,2608,1758,3237,,0.503795,0.378728,0.409091,0.280134,0.149315,0.483988,0.104594,0.181138,0.766900,0.092081,0.449485,0.634921,0.461702,0.901004
0.018040,0.431482,1319,2158,1544,1950,2237,1974,1910,2218,2831,1124,3046,2609,1759,3237,,0.503795,0.378728,0.409091,0.280134,0.149315,0.483988,0.105572,0.181886,0.768065,0.093002,0.447423,0.635677,0.462766,0.901004
0.017963,0.449445,1319,2158,1544,1950,2237,1974,1910,2218,2831,1124,3046,2609,1759,3237,,0.503795,0.378728,0.409091,0.280134,0.149315,0.483988,0.105572,0.181886,0.768065,0.093002,0.448454,0.635677,0.462766,0.901004
0.018025,0.467470,1319,2158,1543,1950,2238,1974,1910,2218,2831,1124,3047,2609,1759,3235,,0.503795,0.378728,0.408182,0.280134,0.150000,0.483988,0.105572,0.181886,0.768065,0.093002,0.448454,0.635677,0.462766,0.899570
0.018007,0.485477,1318,2158,1544,1950,2237,1974,1909,2217,2831,1124,3047,2608,1759,3236,,0.502846,0.378728,0.409091,0.280134,0.149315,0.483988,0.104594,0.181138,0.768065,0.093002,0.448454,0.634921,0.462766,0.900287
0.018004,0.503481,1319,2159,1544,1950,2238,1975,1910,2218,2831,1124,3047,2609,1760,3236,,0.503795,0.379722,0.409091,0.280134,0.150000,0.484592,0.105572,0.181886,0.768065,0.093002,0.448454,0.635677,0.463830,0.900287
0.017994,0.521475,1319,2158,1544,1950,2238,1974,1910,2218,2831,1123,3047,2609,1760,3236,,0.503795,0.378728,0.409091,0.280134,0.150000,0.483988,0.105572,0.181886,0.768065,0.092081,0.448454,0.635677,0.463830,0.900287
0.018005,0.539480,1319,2158,1546,1950,2238,1974,1909,2218,2830,1125,3046,2609,1761,3236,,0.503795,0.378728,0.410909,0.280134,0.150000,0.483988,0.104594,0.181886,0.766900,0.093923,0.447423,0.635677,0.464894,0.900287
0.017991,0.557472,1319,2158,1545,1951,2239,1975,1909,2217,2831,1125,3045,2610,1762,3236,,0.503795,0.378728,0.410000,0.281250,0.150685,0.484592,0.104594,0.181138,0.768065,0.093923,0.446392,0.636432,0.465957,0.900287
0.017997,0.575469,1320,2158,1547,1951,2238,1975,1910,2216,2830,1125,3045,2612,1762,3235,,0.504744,0.378728,0.411818,0.281250,0.150000,0.484592,0.105572,0.180389,0.766900,0.093923,0.446392,0.637944,0.465957,0.899570
0.018016,0.593484,1318,2158,1546,1950,2238,1977,1909,2217,2830,1124,3045,2613,1762,3235,,0.502846,0.378728,0.410909,0.280134,0.150000,0.485801,0.104594,0.181138,0.766900,0.093002,0.446392,0.638700,0.465957,0.899570
0.017998,0.611483,1319,2157,1546,1951,2238,1977,1909,2216,2830,1125,3045,2613,1762,3234,,0.503795,0.377734,0.410909,0.281250,0.150000,0.485801,0.104594,0.180389,0.766900,0.093923,0.446392,0.638700,0.465957,0.898852
0.017995,0.629478,1319,2158,1544,1951,2238,1980,1910,2216,2829,1124,3044,2613,1764,3232,,0.503795,0.378728,0.409091,0.281250,0.150000,0.487613,0.105572,0.180389,0.765734,0.093002,0.445361,0.638700,0.468085,0.897417
0.018029,0.647507,1319,2158,1544,1951,2238,1980,1910,2216,2829,1124,3044,2613,1764,3232,,0.503795,0.378728,0.409091,0.281250,0.150000,0.487613,0.105572,0.180389,0.765734,0.093002,0.445361,0.638700,0.468085,0.897417
0.017968,0.665475,1319,2157,1540,1951,2238,1981,1909,2217,2829,1126,3043,2614,1764,3230,,0.503795,0.377734,0.405455,0.281250,0.150000,0.488218,0.104594,0.181138,0.765734,0.094843,0.444330,0.639456,0.468085,0.895983
0.018010,0.683485,1318,2157,1540,1950,2237,1982,1909,2216,2829,1125,3043,2614,1764,3230,,0.502846,0.377734,0.405455,0.280134,0.149315,0.488822,0.104594,0.180389,0.765734,0.093923,0.444330,0.639456,0.468085,0.895983
0.018001,0.701486,1318,2157,1539,1950,2238,1982,1910,2217,2830,1125,3042,2615,1765,3230,,0.502846,0.377734,0.404545,0.280134,0.150000,0.488822,0.105572,0.181138,0.766900,0.093923,0.443299,0.640212,0.469149,0.895983
0.017991,0.719477,1318,2157,1540,1951,2238,1982,1909,2216,2829,1124,3042,2615,1765,3229,,0.502846,0.377734,0.405455,0.281250,0.150000,0.488822,0.104594,0.180389,0.765734,0.093002,0.443299,0.640212,0.469149,0.895265
0.018002,0.737479,1319,2158,1541,1951,2238,1983,1910,2217,2830,1125,3042,2615,1766,3229,,0.503795,0.378728,0.406364,0.281250,0.150000,0.489426,0.105572,0.181138,0.766900,0.093923,0.443299,0.640212,0.470213,0.895265
0.017987,0.755465,1319,2158,1541,1951,2238,1983,1910,2217,2830,1125,3042,2615,1766,3229,,0.503795,0.378728,0.406364,0.281250,0.150000,0.489426,0.105572,0.181138,0.766900,0.093923,0.443299,0.640212,0.470213,0.895265
0.018025,0.773490,1319,2157,1541,1950,2238,1983,1909,2216,2830,1125,3042,2615,1766,3228,,0.503795,0.377734,0.406364,0.280134,0.150000,0.489426,0.104594,0.180389,0.766900,0.093923,0.443299,0.640212,0.470213,0.894548
0.018001,0.791492,1319,2158,1541,1951,2238,1984,1910,2216,2829,1126,3041,2616,1767,3228,,0.503795,0.378728,0.406364,0.281250,0.150000,0.490030,0.105572,0.180389,0.765734,0.094843,0.442268,0.640967,0.471277,0.894548
0.017968,0.809460,1320,2158,1541,1950,2238,1984,1909,2217,2829,1125,3042,2616,1768,3227,,0.504744,0.378728,0.406364,0.280134,0.150000,0.490030,0.104594,0.181138,0.765734,0.093923,0.443299,0.640967,0.472340,0.893831
0.018026,0.827486,1319,2157,1541,1951,2238,1984,1910,2217,2829,1125,3041,2617,1767,3228,,0.503795,0.377734,0.406364,0.281250,0.150000,0.490030,0.105572,0.181138,0.765734,0.093923,0.442268,0.641723,0.471277,0.894548
0.018010,0.845496,1320,2157,1542,1952,2238,1985,1910,2217,2829,1125,3040,2617,1767,3228,,0.504744,0.377734,0.407273,0.282366,0.150000,0.490634,0.105572,0.181138,0.765734,0.093923,0.441237,0.641723,0.471277,0.894548
0.017997,0.863493,1319,2157,1541,1951,2238,1985,1910,2217,2828,1126,3040,2617,1767,3228,,0.503795,0.377734,0.406364,0.281250,0.150000,0.490634,0.105572,0.181138,0.764569,0.094843,0.441237,0.641723,0.471277,0.894548
0.017973,0.881466,1320,2158,1542,1951,2238,1985,1909,2216,2829,1125,3040,2618,1766,3228,,0.503795,0.376740,0.406364,0.281250,0.150000,0.490634,0.104594,0.180389,0.765734,0.093923,0.441237,0.642479,0.470213,0.894548
0.018023,0.899489,1319,2157,1541,1951,2238,1985,1910,2216,2828,1124,3039,2618,1766,3227,,0.503795,0.377734,0.406364,0.281250,0.150000,0.490634,0.105572,0.180389,0.764569,0.093002,0.440206,0.642479,0.470213,0.893831
0.018011,0.917500,1318,2157,1541,1951,2238,1984,1910,2216,2828,1125,3040,2618,1766,3228,,0.502846,0.377734,0.406364,0.281250,0.150000,0.490030,0.105572,0.180389,0.764569,0.093923,0.441237,0.642479,0.470213,0.894548
0.017943,0.935443,1318,2157,1541,1951,2238,1984,1910,2216,2828,1125,3040,2618,1766,3228,,0.502846,0.377734,0.406364,0.281250,0.150000,0.490030,0.105572,0.180389,0.764569,0.093923,0.441237,0.642479,0.470213,0.894548
0.018052,0.953495,1318,2157,1540,1951,2238,1985,1910,2216,2828,1125,3039,2618,1765,3228,,0.502846,0.377734,0.405455,0.281250,0.150000,0.490634,0.105572,0.180389,0.764569,0.093923,0.440206,0.642479,0.469149,0.894548
0.017996,0.971492,1319,2157,1540,1951,2238,1985,1909,2216,2828,1125,3040,2619,1765,3228,,0.503795,0.377734,0.405455,0.281250,0.150000,0.490634,0.104594,0.180389,0.764569,0.093923,0.441237,0.643235,0.469149,0.894548
0.017978,0.989470,1317,2157,1540,1951,2238,1986,1910,2216,2828,1126,3039,2619,1766,3229,,0.501898,0.377734,0.405455,0.281250,0.150000,0.491239,0.105572,0.180389,0.764569,0.094843,0.440206,0.643235,0.470213,0.895265
0.018002,1.007472,1319,2158,1541,1951,2238,1986,1910,2217,2828,1126,3038,2620,1766,3228,,0.503795,0.378728,0.406364,0.281250,0.150000,0.491239,0.105572,0.181138,0.764569,0.094843,0.439175,0.643991,0.470213,0.894548
0.018030,1.025502,1318,2158,1543,1951,2238,1985,1910,2216,2828,1125,3038,2620,1766,3230,,0.502846,0.378728,0.408182,0.281250,0.150000,0.490634,0.105572,0.180389,0.764569,0.093923,0.439175,0.643991,0.470213,0.895983
0.018003,1.043505,1319,2158,1543,1952,2238,1986,1910,2216,2828,1126,3038,2620,1766,3231,,0.503795,0.378728,0.408182,0.282366,0.150000,0.491239,0.105572,0.180389,0.764569,0.094843,0.439175,0.643991,0.470213,0.896700
0.017999,1.061504,1319,2158,1545,1951,2238,1986,1910,2216,2828,1125,3038,2620,1768,3231,,0.503795,0.378728,0.410000,0.281250,0.150000,0.491239,0.105572,0.180389,0.764569,0.093923,0.439175,0.643991,0.472340,0.896700
0.018004,1.079509,1319,2158,1546,1951,2238,1987,1910,2216,2828,1126,3038,2622,1768,3231,,0.503795,0.378728,0.410909,0.281250,0.150000,0.491843,0.105572,0.180389,0.764569,0.094843,0.439175,0.645503,0.472340,0.896700
0.017996,1.097505,1318,2158,1547,1951,2238,1985,1910,2217,2828,1125,3038,2621,1769,3232,,0.502846,0.378728,0.411818,0.281250,0.150000,0.490634,0.105572,0.181138,0.764569,0.093923,0.439175,0.644747,0.473404,0.897417
0.017972,1.115476,1319,2159,1549,1952,2238,1987,1911,2216,2828,1126,3037,2622,1770,3231,,0.503795,0.379722,0.413636,0.282366,0.150000,0.491843,0.106549,0.180389,0.764569,0.094843,0.438144,0.645503,0.474468,0.896700
0.018030,1.133506,1319,2159,1549,1952,2238,1987,1911,2216,2828,1126,3037,2622,1770,3231,,0.503795,0.379722,0.413636,0.282366,0.150000,0.491843,0.106549,0.180389,0.764569,0.094843,0.438144,0.645503,0.474468,0.896700
