GloveManager recording started on 10/20/16 at 16:19:32

,,Glove 1,Glove 1,Glove 1,Glove 1,Glove 1,Glove 1,Glove 1,Glove 1,Glove 1,Glove 1,Glove 1,Glove 1,Glove 1,Glove 1,,Glove 1 Scaled,Glove 1 Scaled,Glove 1 Scaled,Glove 1 Scaled,Glove 1 Scaled,Glove 1 Scaled,Glove 1 Scaled,Glove 1 Scaled,Glove 1 Scaled,Glove 1 Scaled,Glove 1 Scaled,Glove 1 Scaled,Glove 1 Scaled,Glove 1 Scaled
delta time (s), absolute time (s),Thumb Near,Thumb Far,Thumb/Index,Index Near,Index Far,Index/Middle,Middle Near,Middle Far,Middle/Ring,Ring Near,Ring Far,Ring/Little,Little Near,Little Far,,Thumb Near,Thumb Far,Thumb/Index,Index Near,Index Far,Index/Middle,Middle Near,Middle Far,Middle/Ring,Ring Near,Ring Far,Ring/Little,Little Near,Little Far
0.017508,0.017508,1285,2242,1608,2020,2884,1757,2381,3119,2783,1270,3366,2874,1737,3070,,0.471537,0.462227,0.467273,0.358259,0.592466,0.352870,0.565982,0.856287,0.712121,0.227440,0.777320,0.835979,0.439362,0.781205
0.017994,0.035502,1286,2242,1608,2020,2883,1757,2381,3119,2783,1270,3366,2874,1737,3070,,0.472486,0.462227,0.467273,0.358259,0.591781,0.352870,0.565982,0.856287,0.712121,0.227440,0.777320,0.835979,0.439362,0.781205
0.018003,0.053505,1286,2242,1608,2020,2880,1757,2381,3120,2783,1269,3367,2873,1739,3070,,0.472486,0.462227,0.467273,0.358259,0.589726,0.352870,0.565982,0.857036,0.712121,0.226519,0.778351,0.835223,0.441489,0.781205
0.018033,0.071538,1286,2242,1608,2020,2880,1757,2381,3120,2783,1269,3367,2873,1739,3070,,0.472486,0.462227,0.467273,0.358259,0.589726,0.352870,0.565982,0.857036,0.712121,0.226519,0.778351,0.835223,0.441489,0.781205
0.017999,0.089537,1286,2243,1608,2020,2878,1757,2381,3120,2784,1270,3366,2873,1739,3069,,0.472486,0.463221,0.467273,0.358259,0.588356,0.352870,0.565982,0.857036,0.713287,0.227440,0.777320,0.835223,0.441489,0.780488
0.018004,0.107541,1286,2244,1608,2020,2878,1757,2380,3120,2783,1270,3366,2873,1740,3069,,0.472486,0.464215,0.467273,0.358259,0.588356,0.352870,0.565005,0.857036,0.712121,0.227440,0.777320,0.835223,0.442553,0.780488
0.017942,0.125482,1286,2244,1607,2020,2878,1757,2381,3121,2783,1270,3366,2873,1741,3069,,0.472486,0.464215,0.466364,0.358259,0.588356,0.352870,0.565982,0.857784,0.712121,0.227440,0.777320,0.835223,0.443617,0.780488
0.018049,0.143531,1287,2244,1609,2020,2877,1757,2381,3120,2784,1270,3367,2873,1742,3068,,0.473435,0.464215,0.468182,0.358259,0.587671,0.352870,0.565982,0.857036,0.713287,0.227440,0.778351,0.835223,0.444681,0.779770
0.018002,0.161533,1287,2244,1607,2019,2877,1757,2381,3121,2783,1269,3366,2873,1741,3068,,0.473435,0.464215,0.466364,0.357143,0.587671,0.352870,0.565982,0.857784,0.712121,0.226519,0.777320,0.835223,0.443617,0.779770
0.018021,0.179554,1287,2244,1608,2019,2877,1757,2381,3121,2783,1270,3366,2872,1742,3067,,0.473435,0.464215,0.467273,0.357143,0.587671,0.352870,0.565982,0.857784,0.712121,0.227440,0.777320,0.834467,0.444681,0.779053
0.017983,0.197537,1287,2244,1608,2019,2877,1757,2381,3121,2783,1270,3366,2872,1742,3067,,0.473435,0.464215,0.467273,0.357143,0.587671,0.352870,0.565982,0.857784,0.712121,0.227440,0.777320,0.834467,0.444681,0.779053
0.018016,0.215552,1287,2244,1608,2019,2876,1757,2380,3121,2783,1269,3366,2872,1741,3067,,0.473435,0.464215,0.467273,0.357143,0.586986,0.352870,0.565005,0.857784,0.712121,0.226519,0.777320,0.834467,0.443617,0.779053
0.017959,0.233511,1286,2244,1607,2019,2876,1757,2380,3121,2783,1269,3366,2873,1742,3067,,0.472486,0.464215,0.466364,0.357143,0.586986,0.352870,0.565005,0.857784,0.712121,0.226519,0.777320,0.835223,0.444681,0.779053
0.018033,0.251545,1287,2245,1609,2019,2876,1758,2381,3121,2783,1269,3366,2873,1741,3067,,0.473435,0.465209,0.468182,0.357143,0.586986,0.353474,0.565982,0.857784,0.712121,0.226519,0.777320,0.835223,0.443617,0.779053
0.017971,0.269516,1286,2245,1607,2018,2876,1757,2380,3121,2783,1270,3367,2872,1743,3067,,0.472486,0.465209,0.466364,0.356027,0.586986,0.352870,0.565005,0.857784,0.712121,0.227440,0.778351,0.834467,0.445745,0.779053
0.018040,0.287555,1287,2245,1608,2019,2875,1757,2380,3121,2783,1270,3366,2872,1742,3066,,0.473435,0.465209,0.467273,0.357143,0.586301,0.352870,0.565005,0.857784,0.712121,0.227440,0.777320,0.834467,0.444681,0.778336
0.017994,0.305550,1287,2245,1607,2019,2876,1758,2380,3121,2783,1270,3366,2872,1742,3066,,0.473435,0.465209,0.466364,0.357143,0.586986,0.353474,0.565005,0.857784,0.712121,0.227440,0.777320,0.834467,0.444681,0.778336
0.017999,0.323549,1287,2245,1607,2019,2875,1757,2380,3121,2782,1269,3366,2872,1741,3066,,0.473435,0.465209,0.466364,0.357143,0.586301,0.352870,0.565005,0.857784,0.710956,0.226519,0.777320,0.834467,0.443617,0.778336
0.017997,0.341546,1287,2245,1607,2019,2875,1757,2380,3121,2782,1269,3366,2872,1741,3066,,0.473435,0.465209,0.466364,0.357143,0.586301,0.352870,0.565005,0.857784,0.710956,0.226519,0.777320,0.834467,0.443617,0.778336
0.017950,0.359496,1287,2245,1607,2019,2875,1758,2379,3122,2783,1269,3366,2872,1742,3066,,0.473435,0.465209,0.466364,0.357143,0.586301,0.353474,0.564027,0.858533,0.712121,0.226519,0.777320,0.834467,0.444681,0.778336
0.018024,0.377520,1287,2245,1607,2019,2875,1758,2380,3121,2783,1270,3367,2872,1742,3065,,0.473435,0.465209,0.466364,0.357143,0.586301,0.353474,0.565005,0.857784,0.712121,0.227440,0.778351,0.834467,0.444681,0.777618
0.018027,0.395547,1287,2245,1608,2019,2875,1757,2379,3121,2783,1270,3367,2872,1742,3066,,0.473435,0.465209,0.467273,0.357143,0.586301,0.352870,0.564027,0.857784,0.712121,0.227440,0.778351,0.834467,0.444681,0.778336
0.017998,0.413545,1287,2245,1608,2019,2875,1757,2379,3121,2783,1270,3367,2872,1742,3066,,0.473435,0.465209,0.467273,0.357143,0.586301,0.352870,0.564027,0.857784,0.712121,0.227440,0.778351,0.834467,0.444681,0.778336
0.018003,0.431547,1287,2245,1607,2019,2875,1757,2378,3122,2783,1270,3367,2872,1741,3065,,0.473435,0.465209,0.466364,0.357143,0.586301,0.352870,0.563050,0.858533,0.712121,0.227440,0.778351,0.834467,0.443617,0.777618
0.017976,0.449524,1287,2244,1607,2019,2874,1757,2378,3123,2783,1270,3367,2872,1741,3066,,0.473435,0.464215,0.466364,0.357143,0.585616,0.352870,0.563050,0.859281,0.712121,0.227440,0.778351,0.834467,0.443617,0.778336
0.017999,0.467523,1286,2244,1607,2020,2875,1758,2378,3122,2783,1271,3366,2873,1740,3066,,0.472486,0.464215,0.466364,0.358259,0.586301,0.353474,0.563050,0.858533,0.712121,0.228361,0.777320,0.835223,0.442553,0.778336
0.018022,0.485545,1286,2243,1607,2020,2875,1757,2376,3122,2783,1270,3366,2873,1740,3066,,0.472486,0.463221,0.466364,0.358259,0.586301,0.352870,0.561095,0.858533,0.712121,0.227440,0.777320,0.835223,0.442553,0.778336
0.018003,0.503548,1287,2243,1607,2020,2875,1758,2377,3123,2784,1270,3365,2872,1741,3066,,0.473435,0.463221,0.466364,0.358259,0.586301,0.353474,0.562072,0.859281,0.713287,0.227440,0.776289,0.834467,0.443617,0.778336
0.018006,0.521554,1286,2242,1607,2019,2875,1757,2376,3123,2783,1270,3366,2873,1740,3066,,0.472486,0.462227,0.466364,0.357143,0.586301,0.352870,0.561095,0.859281,0.712121,0.227440,0.777320,0.835223,0.442553,0.778336
0.018005,0.539559,1285,2243,1607,2020,2875,1757,2376,3123,2784,1271,3367,2872,1740,3066,,0.471537,0.463221,0.466364,0.358259,0.586301,0.352870,0.561095,0.859281,0.713287,0.228361,0.778351,0.834467,0.442553,0.778336
0.017989,0.557548,1285,2243,1607,2020,2875,1757,2376,3123,2784,1271,3367,2872,1740,3066,,0.471537,0.463221,0.466364,0.358259,0.586301,0.352870,0.561095,0.859281,0.713287,0.228361,0.778351,0.834467,0.442553,0.778336
0.017978,0.575527,1286,2243,1607,2020,2876,1757,2376,3123,2784,1271,3367,2872,1741,3066,,0.472486,0.463221,0.466364,0.358259,0.586986,0.352870,0.561095,0.859281,0.713287,0.228361,0.778351,0.834467,0.443617,0.778336
0.018036,0.593563,1286,2243,1607,2020,2875,1757,2375,3122,2783,1270,3367,2872,1741,3066,,0.472486,0.463221,0.466364,0.358259,0.586301,0.352870,0.560117,0.858533,0.712121,0.227440,0.778351,0.834467,0.443617,0.778336
0.017991,0.611553,1286,2242,1607,2020,2876,1758,2376,3123,2783,1270,3367,2873,1741,3065,,0.472486,0.462227,0.466364,0.358259,0.586986,0.353474,0.561095,0.859281,0.712121,0.227440,0.778351,0.835223,0.443617,0.777618
0.017997,0.629550,1287,2243,1607,2020,2876,1757,2374,3123,2783,1270,3366,2872,1740,3065,,0.473435,0.463221,0.466364,0.358259,0.586986,0.352870,0.559140,0.859281,0.712121,0.227440,0.777320,0.834467,0.442553,0.777618
0.018012,0.647562,1286,2242,1606,2020,2876,1757,2375,3123,2783,1270,3366,2872,1742,3064,,0.472486,0.462227,0.465455,0.358259,0.586986,0.352870,0.560117,0.859281,0.712121,0.227440,0.777320,0.834467,0.444681,0.776901
0.017999,0.665561,1286,2243,1607,2020,2876,1758,2375,3123,2784,1270,3367,2872,1741,3065,,0.472486,0.463221,0.466364,0.358259,0.586986,0.353474,0.560117,0.859281,0.713287,0.227440,0.778351,0.834467,0.443617,0.777618
0.018003,0.683564,1286,2243,1607,2020,2876,1758,2375,3122,2783,1270,3367,2871,1742,3064,,0.472486,0.463221,0.466364,0.358259,0.586986,0.353474,0.560117,0.858533,0.712121,0.227440,0.778351,0.833711,0.444681,0.776901
0.018004,0.701568,1287,2243,1607,2021,2876,1758,2375,3124,2783,1270,3366,2873,1742,3064,,0.473435,0.463221,0.466364,0.359375,0.586986,0.353474,0.560117,0.860030,0.712121,0.227440,0.777320,0.835223,0.444681,0.776901
0.017989,0.719557,1286,2244,1607,2020,2876,1759,2376,3123,2783,1271,3367,2873,1743,3064,,0.472486,0.464215,0.466364,0.358259,0.586986,0.354079,0.561095,0.859281,0.712121,0.228361,0.778351,0.835223,0.445745,0.776901
0.018012,0.737569,1287,2244,1607,2020,2876,1757,2375,3123,2784,1271,3366,2873,1743,3064,,0.473435,0.464215,0.466364,0.358259,0.586986,0.352870,0.560117,0.859281,0.713287,0.228361,0.777320,0.835223,0.445745,0.776901
0.017998,0.755567,1286,2244,1606,2020,2877,1758,2375,3124,2783,1271,3368,2872,1742,3064,,0.472486,0.464215,0.465455,0.358259,0.587671,0.353474,0.560117,0.860030,0.712121,0.228361,0.779381,0.834467,0.444681,0.776901
0.017994,0.773561,1287,2244,1606,2020,2876,1757,2374,3123,2783,1270,3367,2873,1742,3063,,0.473435,0.464215,0.465455,0.358259,0.586986,0.352870,0.559140,0.859281,0.712121,0.227440,0.778351,0.835223,0.444681,0.776184
0.018001,0.791562,1287,2244,1606,2020,2876,1757,2374,3123,2783,1270,3367,2873,1742,3063,,0.473435,0.464215,0.465455,0.358259,0.586986,0.352870,0.559140,0.859281,0.712121,0.227440,0.778351,0.834467,0.443617,0.776184
0.018010,0.809572,1287,2243,1605,2020,2876,1757,2374,3124,2783,1270,3367,2872,1741,3063,,0.473435,0.463221,0.464545,0.358259,0.586986,0.352870,0.559140,0.860030,0.712121,0.227440,0.778351,0.834467,0.443617,0.776184
0.017992,0.827565,1287,2243,1605,2020,2876,1757,2374,3124,2783,1270,3367,2872,1741,3063,,0.473435,0.463221,0.464545,0.358259,0.586986,0.352870,0.559140,0.860030,0.712121,0.227440,0.778351,0.834467,0.443617,0.776184
0.017999,0.845564,1286,2243,1605,2021,2876,1758,2374,3123,2782,1270,3365,2872,1742,3063,,0.472486,0.463221,0.464545,0.359375,0.586986,0.353474,0.559140,0.859281,0.710956,0.227440,0.776289,0.834467,0.444681,0.776184
0.017987,0.863551,1286,2243,1605,2020,2876,1757,2374,3123,2783,1270,3366,2872,1741,3062,,0.472486,0.463221,0.464545,0.358259,0.586986,0.352870,0.559140,0.859281,0.712121,0.227440,0.777320,0.834467,0.443617,0.775466
0.017966,0.881517,1286,2243,1606,2020,2876,1757,2375,3124,2783,1269,3367,2872,1742,3063,,0.472486,0.463221,0.465455,0.358259,0.586986,0.352870,0.560117,0.860030,0.712121,0.226519,0.778351,0.834467,0.444681,0.776184
0.018073,0.899590,1286,2243,1606,2020,2876,1757,2375,3124,2783,1269,3367,2872,1742,3063,,0.472486,0.463221,0.465455,0.358259,0.586986,0.352870,0.560117,0.860030,0.712121,0.226519,0.778351,0.834467,0.444681,0.776184
0.017989,0.917579,1287,2243,1606,2020,2876,1757,2375,3122,2783,1270,3366,2872,1743,3063,,0.473435,0.463221,0.465455,0.358259,0.586986,0.352870,0.560117,0.858533,0.712121,0.227440,0.777320,0.834467,0.445745,0.776184
0.017965,0.935544,1287,2244,1605,2020,2877,1758,2375,3123,2783,1270,3366,2872,1742,3063,,0.473435,0.464215,0.464545,0.358259,0.587671,0.353474,0.560117,0.859281,0.712121,0.227440,0.777320,0.834467,0.444681,0.776184
0.018007,0.953551,1287,2243,1605,2020,2877,1758,2375,3123,2783,1271,3366,2872,1742,3062,,0.473435,0.463221,0.464545,0.358259,0.587671,0.353474,0.560117,0.859281,0.712121,0.228361,0.777320,0.834467,0.444681,0.775466
0.017997,0.971548,1288,2243,1605,2020,2878,1759,2376,3124,2783,1272,3367,2872,1743,3062,,0.474383,0.463221,0.464545,0.358259,0.588356,0.354079,0.561095,0.860030,0.712121,0.229282,0.778351,0.834467,0.445745,0.775466
0.018031,0.989579,1287,2244,1606,2020,2881,1759,2376,3124,2783,1270,3367,2872,1743,3063,,0.473435,0.464215,0.465455,0.358259,0.590411,0.354079,0.561095,0.860030,0.712121,0.227440,0.778351,0.834467,0.445745,0.776184
0.018005,1.007584,1287,2244,1606,2020,2881,1759,2376,3124,2783,1270,3367,2872,1743,3063,,0.473435,0.464215,0.465455,0.358259,0.590411,0.354079,0.561095,0.860030,0.712121,0.227440,0.778351,0.834467,0.445745,0.776184
0.017987,1.025572,1288,2244,1606,2020,2894,1761,2376,3123,2783,1271,3367,2872,1744,3062,,0.474383,0.464215,0.465455,0.358259,0.599315,0.355287,0.561095,0.859281,0.712121,0.228361,0.778351,0.834467,0.446809,0.775466
0.018013,1.043584,1288,2245,1606,2020,2905,1761,2376,3124,2784,1271,3367,2871,1746,3061,,0.474383,0.465209,0.465455,0.358259,0.606849,0.355287,0.561095,0.860030,0.713287,0.228361,0.778351,0.833711,0.448936,0.774749
0.018000,1.061584,1288,2244,1606,2019,2907,1760,2376,3124,2783,1272,3366,2872,1747,3061,,0.474383,0.464215,0.465455,0.357143,0.608219,0.354683,0.561095,0.860030,0.712121,0.229282,0.777320,0.834467,0.450000,0.774749
0.017998,1.079583,1287,2245,1606,2020,2908,1760,2376,3124,2783,1271,3367,2872,1746,3060,,0.473435,0.465209,0.465455,0.358259,0.608904,0.354683,0.561095,0.860030,0.712121,0.228361,0.778351,0.834467,0.448936,0.774032
0.018007,1.097590,1287,2245,1606,2020,2906,1761,2376,3124,2783,1272,3366,2872,1747,3060,,0.473435,0.465209,0.465455,0.358259,0.607534,0.355287,0.561095,0.860030,0.712121,0.229282,0.777320,0.834467,0.450000,0.774032
0.017967,1.115557,1287,2245,1606,2019,2907,1760,2377,3124,2782,1272,3366,2871,1748,3060,,0.473435,0.465209,0.465455,0.357143,0.608219,0.354683,0.562072,0.860030,0.710956,0.229282,0.777320,0.833711,0.451064,0.774032
0.018021,1.133579,1288,2245,1606,2020,2907,1760,2377,3124,2783,1272,3367,2871,1748,3060,,0.474383,0.465209,0.465455,0.358259,0.608219,0.354683,0.562072,0.860030,0.712121,0.229282,0.778351,0.833711,0.451064,0.774032
0.018013,1.151592,1288,2246,1607,2019,2907,1760,2377,3124,2783,1272,3367,2872,1749,3059,,0.474383,0.466203,0.466364,0.357143,0.608219,0.354683,0.562072,0.860030,0.712121,0.229282,0.778351,0.834467,0.452128,0.773314
0.017988,1.169579,1288,2246,1607,2019,2907,1760,2377,3124,2783,1272,3367,2872,1749,3059,,0.474383,0.466203,0.466364,0.357143,0.608219,0.354683,0.562072,0.860030,0.712121,0.229282,0.778351,0.834467,0.452128,0.773314
0.018009,1.187588,1288,2246,1606,2021,2906,1760,2377,3124,2783,1271,3367,2871,1748,3058,,0.474383,0.466203,0.465455,0.359375,0.607534,0.354683,0.562072,0.860030,0.712121,0.228361,0.778351,0.833711,0.451064,0.772597
0.017983,1.205571,1288,2246,1607,2020,2907,1760,2377,3124,2783,1272,3366,2871,1748,3058,,0.474383,0.466203,0.466364,0.358259,0.608219,0.354683,0.562072,0.860030,0.712121,0.229282,0.777320,0.833711,0.451064,0.772597
0.018019,1.223590,1289,2247,1608,2020,2906,1760,2376,3124,2783,1271,3367,2871,1749,3058,,0.475332,0.467197,0.467273,0.358259,0.607534,0.354683,0.561095,0.860030,0.712121,0.228361,0.778351,0.833711,0.452128,0.772597
0.017997,1.241587,1289,2247,1608,2020,2906,1760,2376,3124,2783,1271,3367,2871,1749,3058,,0.475332,0.467197,0.467273,0.358259,0.607534,0.354683,0.561095,0.860030,0.712121,0.228361,0.778351,0.833711,0.452128,0.772597
0.018005,1.259591,1288,2247,1607,2019,2906,1760,2377,3125,2783,1271,3367,2870,1748,3056,,0.474383,0.467197,0.466364,0.357143,0.607534,0.354683,0.562072,0.860778,0.712121,0.228361,0.778351,0.832955,0.451064,0.771162
0.018003,1.277595,1289,2246,1608,2020,2905,1760,2376,3124,2783,1271,3367,2871,1749,3057,,0.475332,0.466203,0.467273,0.358259,0.606849,0.354683,0.561095,0.860030,0.712121,0.228361,0.778351,0.833711,0.452128,0.771879
