GloveManager recording started on 10/20/16 at 16:21:48

,,Glove 1,Glove 1,Glove 1,Glove 1,Glove 1,Glove 1,Glove 1,Glove 1,Glove 1,Glove 1,Glove 1,Glove 1,Glove 1,Glove 1,,Glove 1 Scaled,Glove 1 Scaled,Glove 1 Scaled,Glove 1 Scaled,Glove 1 Scaled,Glove 1 Scaled,Glove 1 Scaled,Glove 1 Scaled,Glove 1 Scaled,Glove 1 Scaled,Glove 1 Scaled,Glove 1 Scaled,Glove 1 Scaled,Glove 1 Scaled
delta time (s), absolute time (s),Thumb Near,Thumb Far,Thumb/Index,Index Near,Index Far,Index/Middle,Middle Near,Middle Far,Middle/Ring,Ring Near,Ring Far,Ring/Little,Little Near,Little Far,,Thumb Near,Thumb Far,Thumb/Index,Index Near,Index Far,Index/Middle,Middle Near,Middle Far,Middle/Ring,Ring Near,Ring Far,Ring/Little,Little Near,Little Far
0.017805,0.017805,1015,1958,1429,2417,3333,2420,2609,3178,2934,1943,3442,3011,2134,2991,,0.215370,0.179920,0.304545,0.801339,0.900000,0.753474,0.790087,0.880674,0.888112,0.837887,0.856851,0.947541,0.856237,0.724534
0.017995,0.035801,1016,1956,1429,2417,3333,2420,2610,3178,2935,1943,3441,3011,2132,2991,,0.216319,0.177932,0.304545,0.801339,0.900000,0.753474,0.791059,0.880674,0.889277,0.837887,0.855828,0.947541,0.854123,0.724534
0.017980,0.053780,1016,1956,1429,2417,3333,2421,2610,3177,2934,1942,3442,3010,2127,2992,,0.216319,0.177932,0.304545,0.801339,0.900000,0.754079,0.791059,0.879941,0.888112,0.836976,0.856851,0.946885,0.848837,0.725251
0.017999,0.071780,1016,1954,1428,2416,3333,2422,2610,3178,2934,1942,3442,3011,2126,2993,,0.216319,0.175944,0.303636,0.800223,0.900000,0.754683,0.791059,0.880674,0.888112,0.836976,0.856851,0.947541,0.847780,0.725968
0.018033,0.089812,1017,1955,1429,2417,3332,2422,2610,3178,2934,1941,3442,3011,2124,2994,,0.217268,0.176938,0.304545,0.801339,0.899315,0.754683,0.791059,0.880674,0.888112,0.836066,0.856851,0.947541,0.845666,0.726686
0.017966,0.107778,1017,1954,1429,2417,3334,2424,2612,3179,2934,1942,3442,3012,2123,2994,,0.217268,0.175944,0.304545,0.801339,0.900685,0.755891,0.793003,0.881406,0.888112,0.836976,0.856851,0.948197,0.844609,0.726686
0.018027,0.125805,1017,1953,1429,2417,3333,2423,2610,3178,2934,1940,3442,3011,2118,2995,,0.217268,0.174950,0.304545,0.801339,0.900000,0.755287,0.791059,0.880674,0.888112,0.835155,0.856851,0.947541,0.839323,0.727403
0.018001,0.143806,1017,1953,1429,2417,3333,2423,2610,3178,2934,1940,3442,3011,2118,2995,,0.217268,0.174950,0.304545,0.801339,0.900000,0.755287,0.791059,0.880674,0.888112,0.835155,0.856851,0.947541,0.839323,0.727403
0.018004,0.161809,1017,1953,1428,2417,3332,2424,2611,3178,2935,1940,3442,3012,2117,2995,,0.217268,0.174950,0.303636,0.801339,0.899315,0.755891,0.792031,0.880674,0.889277,0.835155,0.856851,0.948197,0.838266,0.727403
0.017994,0.179803,1017,1952,1430,2416,3334,2423,2610,3178,2934,1940,3441,3012,2116,2996,,0.217268,0.173956,0.305455,0.800223,0.900685,0.755287,0.791059,0.880674,0.888112,0.835155,0.855828,0.948197,0.837209,0.728121
0.018033,0.197836,1017,1951,1428,2416,3333,2423,2610,3178,2933,1938,3442,3012,2114,2997,,0.217268,0.172962,0.303636,0.800223,0.900000,0.755287,0.791059,0.880674,0.886946,0.833333,0.856851,0.948197,0.835095,0.728838
0.017971,0.215807,1018,1952,1429,2417,3333,2424,2610,3178,2934,1937,3441,3012,2111,2997,,0.218216,0.173956,0.304545,0.801339,0.900000,0.755891,0.791059,0.880674,0.888112,0.832423,0.855828,0.948197,0.831924,0.728838
0.018000,0.233807,1018,1951,1428,2416,3332,2423,2608,3177,2934,1936,3441,3012,2110,2997,,0.218216,0.172962,0.303636,0.800223,0.899315,0.755287,0.789116,0.879941,0.888112,0.831512,0.855828,0.948197,0.830867,0.728838
0.018002,0.251809,1018,1952,1428,2416,3332,2423,2608,3177,2935,1935,3441,3012,2109,2996,,0.218216,0.173956,0.303636,0.800223,0.899315,0.755287,0.789116,0.879941,0.889277,0.830601,0.855828,0.948197,0.829810,0.728121
0.018000,0.269809,1019,1951,1428,2416,3332,2422,2607,3177,2934,1932,3440,3012,2108,2997,,0.219165,0.172962,0.303636,0.800223,0.899315,0.754683,0.788144,0.879941,0.888112,0.827869,0.854806,0.948197,0.828753,0.728838
0.018000,0.287809,1019,1951,1428,2416,3332,2422,2607,3177,2934,1932,3440,3012,2108,2997,,0.219165,0.172962,0.303636,0.800223,0.899315,0.754683,0.788144,0.879941,0.888112,0.827869,0.854806,0.948197,0.828753,0.728838
0.017980,0.305789,1019,1951,1428,2417,3331,2422,2605,3178,2934,1931,3441,3012,2106,2996,,0.219165,0.172962,0.303636,0.801339,0.898630,0.754683,0.786200,0.880674,0.888112,0.826958,0.855828,0.948197,0.826638,0.728121
0.018016,0.323805,1019,1951,1428,2415,3331,2422,2604,3178,2933,1931,3441,3011,2105,2996,,0.219165,0.172962,0.303636,0.799107,0.898630,0.754683,0.785228,0.880674,0.886946,0.826958,0.855828,0.947541,0.825581,0.728121
0.018007,0.341812,1019,1951,1427,2415,3331,2421,2603,3177,2934,1930,3441,3011,2105,2996,,0.219165,0.172962,0.302727,0.799107,0.898630,0.754079,0.784257,0.879941,0.888112,0.826047,0.855828,0.947541,0.825581,0.728121
0.018010,0.359823,1019,1950,1426,2416,3332,2421,2604,3177,2934,1929,3441,3012,2104,2997,,0.219165,0.171968,0.301818,0.800223,0.899315,0.754079,0.785228,0.879941,0.888112,0.825137,0.855828,0.948197,0.824524,0.728838
0.017992,0.377815,1019,1951,1426,2415,3332,2421,2603,3178,2934,1928,3442,3012,2104,2996,,0.219165,0.172962,0.301818,0.799107,0.899315,0.754079,0.784257,0.880674,0.888112,0.824226,0.856851,0.948197,0.824524,0.728121
0.018001,0.395816,1020,1951,1427,2416,3331,2420,2603,3177,2934,1927,3441,3011,2104,2996,,0.220114,0.172962,0.302727,0.800223,0.898630,0.753474,0.784257,0.879941,0.888112,0.823315,0.855828,0.947541,0.824524,0.728121
0.018008,0.413824,1020,1951,1427,2416,3332,2421,2603,3178,2934,1927,3441,3011,2103,2996,,0.220114,0.172962,0.302727,0.800223,0.899315,0.754079,0.784257,0.880674,0.888112,0.823315,0.855828,0.947541,0.823467,0.728121
0.017999,0.431823,1020,1951,1427,2415,3331,2421,2602,3177,2934,1926,3440,3011,2102,2996,,0.220114,0.172962,0.302727,0.799107,0.898630,0.754079,0.783285,0.879941,0.888112,0.822404,0.854806,0.947541,0.822410,0.728121
0.018001,0.449825,1020,1950,1427,2415,3331,2420,2601,3176,2934,1926,3441,3011,2102,2996,,0.220114,0.171968,0.302727,0.799107,0.898630,0.753474,0.782313,0.879209,0.888112,0.822404,0.855828,0.947541,0.822410,0.728121
0.018001,0.467826,1020,1950,1425,2415,3330,2420,2601,3177,2933,1925,3441,3011,2102,2997,,0.220114,0.171968,0.300909,0.799107,0.897945,0.753474,0.782313,0.879941,0.886946,0.821494,0.855828,0.947541,0.822410,0.728838
0.018018,0.485844,1021,1950,1425,2415,3331,2420,2601,3178,2934,1925,3440,3011,2101,2996,,0.221063,0.171968,0.300909,0.799107,0.898630,0.753474,0.782313,0.880674,0.888112,0.821494,0.854806,0.947541,0.821353,0.728121
0.017979,0.503823,1021,1951,1427,2415,3331,2420,2601,3178,2934,1925,3441,3012,2102,2997,,0.221063,0.172962,0.302727,0.799107,0.898630,0.753474,0.782313,0.880674,0.888112,0.821494,0.855828,0.948197,0.822410,0.728838
0.017998,0.521821,1021,1951,1426,2415,3331,2420,2601,3178,2934,1926,3441,3011,2101,2996,,0.221063,0.172962,0.301818,0.799107,0.898630,0.753474,0.782313,0.880674,0.888112,0.822404,0.855828,0.947541,0.821353,0.728121
0.018001,0.539822,1021,1951,1426,2415,3330,2420,2601,3178,2934,1926,3442,3011,2101,2995,,0.221063,0.172962,0.301818,0.799107,0.897945,0.753474,0.782313,0.880674,0.888112,0.822404,0.856851,0.947541,0.821353,0.727403
0.018010,0.557832,1021,1951,1426,2415,3330,2420,2601,3178,2934,1926,3442,3011,2101,2995,,0.221063,0.172962,0.301818,0.799107,0.897945,0.753474,0.782313,0.880674,0.888112,0.822404,0.856851,0.947541,0.821353,0.727403
0.017992,0.575825,1021,1950,1425,2415,3331,2420,2600,3179,2934,1925,3441,3011,2100,2996,,0.221063,0.171968,0.300909,0.799107,0.898630,0.753474,0.781341,0.881406,0.888112,0.821494,0.855828,0.947541,0.820296,0.728121
0.017999,0.593824,1020,1951,1425,2415,3330,2420,2601,3178,2933,1925,3442,3011,2100,2996,,0.220114,0.172962,0.300909,0.799107,0.897945,0.753474,0.782313,0.880674,0.886946,0.821494,0.856851,0.947541,0.820296,0.728121
0.018014,0.611838,1022,1951,1425,2415,3331,2419,2600,3178,2933,1925,3441,3011,2100,2997,,0.222011,0.172962,0.300909,0.799107,0.898630,0.752870,0.781341,0.880674,0.886946,0.821494,0.855828,0.947541,0.820296,0.728838
0.017990,0.629827,1022,1951,1426,2415,3330,2420,2601,3179,2934,1925,3441,3012,2099,2996,,0.222011,0.172962,0.301818,0.799107,0.897945,0.753474,0.782313,0.881406,0.888112,0.821494,0.855828,0.948197,0.819239,0.728121
0.017957,0.647784,1022,1951,1426,2415,3330,2420,2601,3179,2934,1925,3441,3012,2099,2996,,0.222011,0.172962,0.301818,0.799107,0.897945,0.753474,0.782313,0.881406,0.888112,0.821494,0.855828,0.948197,0.819239,0.728121
0.018047,0.665832,1022,1951,1424,2415,3331,2420,2600,3178,2933,1924,3441,3012,2100,2997,,0.222011,0.172962,0.300000,0.799107,0.898630,0.753474,0.781341,0.880674,0.886946,0.820583,0.855828,0.948197,0.820296,0.728838
0.017999,0.683831,1021,1952,1425,2415,3331,2419,2600,3179,2934,1925,3441,3011,2100,2997,,0.221063,0.173956,0.300909,0.799107,0.898630,0.752870,0.781341,0.881406,0.888112,0.821494,0.855828,0.947541,0.820296,0.728838
0.018005,0.701836,1022,1952,1426,2416,3330,2420,2601,3179,2934,1924,3441,3012,2100,2997,,0.222011,0.173956,0.301818,0.800223,0.897945,0.753474,0.782313,0.881406,0.888112,0.820583,0.855828,0.948197,0.820296,0.728838
0.018015,0.719851,1022,1952,1426,2416,3331,2419,2600,3178,2934,1924,3442,3012,2099,2997,,0.222011,0.173956,0.301818,0.800223,0.898630,0.752870,0.781341,0.880674,0.888112,0.820583,0.856851,0.948197,0.819239,0.728838
0.017991,0.737842,1021,1951,1425,2415,3330,2419,2600,3178,2933,1924,3441,3011,2099,2997,,0.221063,0.172962,0.300909,0.799107,0.897945,0.752870,0.781341,0.880674,0.886946,0.820583,0.855828,0.947541,0.819239,0.728838
0.018005,0.755847,1021,1952,1425,2416,3331,2421,2601,3179,2934,1924,3441,3011,2099,2997,,0.221063,0.173956,0.300909,0.800223,0.898630,0.754079,0.782313,0.881406,0.888112,0.820583,0.855828,0.947541,0.819239,0.728838
0.017987,0.773834,1022,1950,1425,2416,3331,2421,2600,3179,2934,1925,3441,3012,2099,2997,,0.222011,0.171968,0.300909,0.800223,0.898630,0.754079,0.781341,0.881406,0.888112,0.821494,0.855828,0.948197,0.819239,0.728838
0.017987,0.791821,1022,1951,1426,2416,3331,2421,2601,3179,2934,1923,3441,3011,2098,2998,,0.222011,0.172962,0.301818,0.800223,0.898630,0.754079,0.782313,0.881406,0.888112,0.819672,0.855828,0.947541,0.818182,0.729555
0.017992,0.809813,1021,1951,1425,2416,3331,2422,2601,3179,2934,1925,3441,3011,2099,2997,,0.221063,0.172962,0.300909,0.800223,0.898630,0.754683,0.782313,0.881406,0.888112,0.821494,0.855828,0.947541,0.819239,0.728838
0.018049,0.827862,1021,1950,1426,2415,3331,2421,2600,3179,2934,1924,3440,3011,2098,2997,,0.221063,0.171968,0.301818,0.799107,0.898630,0.754079,0.781341,0.881406,0.888112,0.820583,0.854806,0.947541,0.818182,0.728838
0.017978,0.845840,1020,1950,1425,2417,3330,2421,2600,3179,2934,1924,3441,3011,2097,2998,,0.220114,0.171968,0.300909,0.801339,0.897945,0.754079,0.781341,0.881406,0.888112,0.820583,0.855828,0.947541,0.817125,0.729555
0.017974,0.863814,1020,1950,1425,2417,3330,2421,2600,3179,2934,1924,3441,3011,2097,2998,,0.220114,0.171968,0.300909,0.801339,0.897945,0.754079,0.781341,0.881406,0.888112,0.820583,0.855828,0.947541,0.817125,0.729555
0.018032,0.881846,1021,1950,1425,2416,3331,2421,2600,3180,2934,1923,3442,3011,2097,2998,,0.221063,0.171968,0.300909,0.800223,0.898630,0.754079,0.781341,0.882138,0.888112,0.819672,0.856851,0.947541,0.817125,0.729555
0.017994,0.899839,1021,1950,1425,2416,3331,2421,2600,3180,2934,1923,3442,3011,2097,2998,,0.221063,0.171968,0.300909,0.800223,0.898630,0.754079,0.781341,0.882138,0.888112,0.819672,0.856851,0.947541,0.817125,0.729555
0.018003,0.917843,1022,1950,1424,2416,3332,2421,2600,3179,2934,1924,3442,3012,2098,2997,,0.222011,0.171968,0.300000,0.800223,0.899315,0.754079,0.781341,0.881406,0.888112,0.820583,0.856851,0.948197,0.818182,0.728838
0.017998,0.935841,1022,1950,1424,2417,3331,2421,2600,3180,2934,1923,3440,3011,2097,2997,,0.222011,0.171968,0.300000,0.801339,0.898630,0.754079,0.781341,0.882138,0.888112,0.819672,0.854806,0.947541,0.817125,0.728838
0.018010,0.953851,1023,1949,1424,2416,3332,2420,2599,3178,2934,1922,3441,3011,2097,2997,,0.222960,0.170974,0.300000,0.800223,0.899315,0.753474,0.780369,0.880674,0.888112,0.818761,0.855828,0.947541,0.817125,0.728838
0.017996,0.971847,1023,1949,1424,2416,3332,2420,2599,3178,2934,1922,3441,3011,2097,2997,,0.222960,0.170974,0.300000,0.800223,0.899315,0.753474,0.780369,0.880674,0.888112,0.818761,0.855828,0.947541,0.817125,0.728838
0.018013,0.989861,1022,1949,1424,2416,3331,2420,2599,3179,2934,1924,3442,3011,2097,2998,,0.222011,0.170974,0.300000,0.800223,0.898630,0.753474,0.780369,0.881406,0.888112,0.820583,0.856851,0.947541,0.817125,0.729555
0.018005,1.007866,1023,1950,1424,2417,3331,2420,2599,3180,2933,1923,3441,3011,2097,2997,,0.222960,0.171968,0.300000,0.801339,0.898630,0.753474,0.780369,0.882138,0.886946,0.819672,0.855828,0.947541,0.817125,0.728838
