GloveManager recording started on 10/20/16 at 16:22:51

,,Glove 1,Glove 1,Glove 1,Glove 1,Glove 1,Glove 1,Glove 1,Glove 1,Glove 1,Glove 1,Glove 1,Glove 1,Glove 1,Glove 1,,Glove 1 Scaled,Glove 1 Scaled,Glove 1 Scaled,Glove 1 Scaled,Glove 1 Scaled,Glove 1 Scaled,Glove 1 Scaled,Glove 1 Scaled,Glove 1 Scaled,Glove 1 Scaled,Glove 1 Scaled,Glove 1 Scaled,Glove 1 Scaled,Glove 1 Scaled
delta time (s), absolute time (s),Thumb Near,Thumb Far,Thumb/Index,Index Near,Index Far,Index/Middle,Middle Near,Middle Far,Middle/Ring,Ring Near,Ring Far,Ring/Little,Little Near,Little Far,,Thumb Near,Thumb Far,Thumb/Index,Index Near,Index Far,Index/Middle,Middle Near,Middle Far,Middle/Ring,Ring Near,Ring Far,Ring/Little,Little Near,Little Far
0.017242,0.017242,1120,1865,1282,2426,3397,2265,2447,3087,2951,1608,3433,2502,1754,2092,,0.314991,0.087475,0.170909,0.811384,0.943836,0.659819,0.632653,0.814056,0.886234,0.532787,0.847648,0.613770,0.454545,0.079627
0.018027,0.035269,1119,1864,1281,2426,3397,2264,2447,3087,2951,1607,3433,2502,1753,2091,,0.314042,0.086481,0.170000,0.811384,0.943836,0.659214,0.632653,0.814056,0.886234,0.531876,0.847648,0.613770,0.453488,0.078910
0.017978,0.053246,1119,1864,1281,2427,3397,2265,2447,3088,2951,1608,3432,2503,1753,2090,,0.314042,0.086481,0.170000,0.812500,0.943836,0.659819,0.632653,0.814788,0.886234,0.532787,0.846626,0.614426,0.453488,0.078192
0.018001,0.071248,1119,1864,1280,2427,3396,2265,2448,3087,2951,1609,3432,2504,1753,2091,,0.314042,0.086481,0.169091,0.812500,0.943151,0.659819,0.633625,0.814056,0.886234,0.533698,0.846626,0.615082,0.453488,0.078910
0.018001,0.089249,1119,1864,1281,2427,3397,2265,2448,3088,2951,1609,3433,2504,1751,2092,,0.314042,0.086481,0.170000,0.812500,0.943836,0.659819,0.633625,0.814788,0.886234,0.533698,0.847648,0.615082,0.451374,0.079627
0.017999,0.107247,1119,1864,1281,2426,3396,2264,2448,3088,2951,1609,3433,2504,1752,2092,,0.314042,0.086481,0.170000,0.811384,0.943151,0.659214,0.633625,0.814788,0.886234,0.533698,0.847648,0.615082,0.452431,0.079627
0.017983,0.125230,1119,1864,1281,2426,3396,2265,2447,3087,2951,1609,3434,2505,1751,2092,,0.314042,0.086481,0.170000,0.811384,0.943151,0.659819,0.632653,0.814056,0.886234,0.533698,0.848671,0.615738,0.451374,0.079627
0.018007,0.143237,1119,1864,1281,2426,3396,2265,2448,3087,2951,1609,3433,2506,1751,2091,,0.314042,0.086481,0.170000,0.811384,0.943151,0.659819,0.633625,0.814056,0.886234,0.533698,0.847648,0.616393,0.451374,0.078910
0.018012,0.161250,1119,1864,1282,2427,3395,2265,2448,3087,2950,1609,3433,2506,1751,2091,,0.314042,0.086481,0.170909,0.812500,0.942466,0.659819,0.633625,0.814056,0.885097,0.533698,0.847648,0.616393,0.451374,0.078910
0.018039,0.179289,1119,1863,1281,2427,3395,2265,2449,3088,2951,1609,3432,2506,1751,2091,,0.314042,0.085487,0.170000,0.812500,0.942466,0.659819,0.634597,0.814788,0.886234,0.533698,0.846626,0.616393,0.451374,0.078910
0.017995,0.197284,1119,1864,1280,2427,3395,2265,2449,3088,2951,1609,3432,2506,1751,2091,,0.314042,0.086481,0.169091,0.812500,0.942466,0.659819,0.634597,0.814788,0.886234,0.533698,0.846626,0.616393,0.451374,0.078910
0.017998,0.215282,1118,1864,1281,2427,3396,2265,2449,3088,2951,1609,3433,2507,1750,2091,,0.313093,0.086481,0.170000,0.812500,0.943151,0.659819,0.634597,0.814788,0.886234,0.533698,0.847648,0.617049,0.450317,0.078910
0.017983,0.233264,1118,1864,1281,2427,3396,2265,2449,3088,2951,1609,3433,2507,1750,2091,,0.313093,0.086481,0.170000,0.812500,0.943151,0.659819,0.634597,0.814788,0.886234,0.533698,0.847648,0.617049,0.450317,0.078910
0.018111,0.251375,1118,1864,1281,2427,3395,2264,2449,3088,2951,1610,3433,2507,1751,2091,,0.313093,0.086481,0.170000,0.812500,0.942466,0.659214,0.634597,0.814788,0.886234,0.534608,0.847648,0.617049,0.451374,0.078910
0.017908,0.269283,1118,1864,1281,2427,3395,2264,2449,3088,2951,1610,3433,2507,1751,2091,,0.313093,0.086481,0.170000,0.812500,0.942466,0.659214,0.634597,0.814788,0.886234,0.534608,0.847648,0.617049,0.451374,0.078910
0.017976,0.287259,1119,1864,1281,2427,3394,2266,2449,3088,2951,1610,3433,2508,1749,2090,,0.314042,0.086481,0.170000,0.812500,0.941781,0.660423,0.634597,0.814788,0.886234,0.534608,0.847648,0.617705,0.449260,0.078192
0.018000,0.305260,1118,1864,1281,2427,3394,2264,2449,3088,2950,1609,3433,2508,1749,2090,,0.313093,0.086481,0.170000,0.812500,0.941781,0.659214,0.634597,0.814788,0.885097,0.533698,0.847648,0.617705,0.449260,0.078192
0.018013,0.323272,1119,1864,1280,2427,3394,2264,2449,3087,2950,1609,3432,2509,1749,2090,,0.314042,0.086481,0.169091,0.812500,0.941781,0.659214,0.634597,0.814056,0.885097,0.533698,0.846626,0.618361,0.449260,0.078192
0.018004,0.341276,1118,1863,1281,2427,3394,2264,2449,3088,2950,1610,3433,2509,1748,2090,,0.313093,0.085487,0.170000,0.812500,0.941781,0.659214,0.634597,0.814788,0.885097,0.534608,0.847648,0.618361,0.448203,0.078192
0.017984,0.359260,1118,1863,1280,2427,3394,2264,2449,3087,2950,1610,3433,2510,1749,2091,,0.313093,0.085487,0.169091,0.812500,0.941781,0.659214,0.634597,0.814056,0.885097,0.534608,0.847648,0.619016,0.449260,0.078910
0.018003,0.377263,1118,1864,1281,2428,3394,2265,2450,3088,2951,1611,3432,2509,1748,2090,,0.313093,0.086481,0.170000,0.813616,0.941781,0.659819,0.635568,0.814788,0.886234,0.535519,0.846626,0.618361,0.448203,0.078192
0.018001,0.395263,1119,1863,1281,2429,3394,2264,2450,3088,2950,1611,3432,2511,1748,2090,,0.314042,0.085487,0.170000,0.814732,0.941781,0.659214,0.635568,0.814788,0.885097,0.535519,0.846626,0.619672,0.448203,0.078192
0.018001,0.413265,1118,1863,1281,2429,3394,2264,2451,3088,2951,1611,3432,2510,1747,2090,,0.313093,0.085487,0.170000,0.814732,0.941781,0.659214,0.636540,0.814788,0.886234,0.535519,0.846626,0.619016,0.447146,0.078192
0.018001,0.431266,1118,1863,1280,2429,3394,2265,2451,3087,2950,1611,3432,2510,1748,2090,,0.313093,0.085487,0.169091,0.814732,0.941781,0.659819,0.636540,0.814056,0.885097,0.535519,0.846626,0.619016,0.448203,0.078192
0.017998,0.449264,1119,1864,1281,2429,3395,2264,2451,3088,2950,1612,3432,2510,1748,2090,,0.314042,0.086481,0.170000,0.814732,0.942466,0.659214,0.636540,0.814788,0.885097,0.536430,0.846626,0.619016,0.448203,0.078192
0.018003,0.467267,1118,1864,1280,2429,3394,2264,2451,3089,2951,1612,3432,2509,1748,2090,,0.313093,0.086481,0.169091,0.814732,0.941781,0.659214,0.636540,0.815520,0.886234,0.536430,0.846626,0.618361,0.448203,0.078192
0.018034,0.485301,1119,1864,1280,2430,3394,2265,2452,3089,2950,1613,3432,2509,1748,2090,,0.314042,0.086481,0.170000,0.815848,0.941781,0.659819,0.637512,0.814788,0.885097,0.537341,0.846626,0.618361,0.448203,0.078192
0.017969,0.503270,1119,1864,1281,2430,3394,2265,2452,3088,2950,1613,3432,2509,1748,2090,,0.314042,0.086481,0.170000,0.815848,0.941781,0.659819,0.637512,0.814788,0.885097,0.537341,0.846626,0.618361,0.448203,0.078192
0.017997,0.521267,1118,1864,1280,2430,3394,2264,2453,3088,2951,1613,3432,2509,1749,2090,,0.313093,0.086481,0.169091,0.815848,0.941781,0.659214,0.638484,0.814788,0.886234,0.537341,0.846626,0.618361,0.449260,0.078192
0.018004,0.539272,1119,1863,1280,2430,3394,2264,2453,3088,2950,1612,3432,2508,1747,2090,,0.314042,0.085487,0.169091,0.815848,0.941781,0.659214,0.638484,0.814788,0.885097,0.536430,0.846626,0.617705,0.447146,0.078192
0.018001,0.557272,1118,1864,1280,2429,3392,2264,2453,3088,2950,1613,3432,2509,1747,2090,,0.313093,0.086481,0.169091,0.814732,0.940411,0.659214,0.638484,0.814788,0.885097,0.537341,0.846626,0.618361,0.447146,0.078192
0.017999,0.575271,1119,1863,1280,2430,3393,2265,2453,3087,2950,1613,3432,2509,1747,2089,,0.314042,0.085487,0.169091,0.815848,0.941096,0.659819,0.638484,0.814056,0.885097,0.537341,0.846626,0.618361,0.447146,0.077475
0.018000,0.593272,1119,1863,1280,2430,3393,2265,2453,3088,2950,1613,3431,2509,1747,2090,,0.314042,0.085487,0.169091,0.815848,0.941096,0.659819,0.638484,0.814788,0.885097,0.537341,0.845603,0.618361,0.447146,0.078192
0.018004,0.611276,1119,1864,1280,2430,3393,2265,2453,3088,2950,1614,3432,2510,1747,2090,,0.314042,0.086481,0.169091,0.815848,0.941096,0.659819,0.638484,0.814788,0.885097,0.538251,0.846626,0.619016,0.447146,0.078192
0.017999,0.629275,1119,1864,1280,2429,3393,2265,2455,3088,2950,1614,3432,2511,1747,2089,,0.314042,0.086481,0.169091,0.814732,0.941096,0.659819,0.640428,0.814788,0.885097,0.538251,0.846626,0.619672,0.447146,0.077475
0.017999,0.647275,1119,1864,1279,2429,3393,2265,2454,3088,2950,1614,3432,2511,1747,2090,,0.314042,0.086481,0.168182,0.814732,0.941096,0.659819,0.639456,0.814788,0.885097,0.538251,0.846626,0.619672,0.447146,0.078192
0.018003,0.665278,1119,1864,1279,2429,3393,2264,2454,3088,2950,1614,3432,2511,1747,2089,,0.314042,0.086481,0.168182,0.814732,0.941096,0.659214,0.639456,0.814788,0.885097,0.538251,0.846626,0.619672,0.447146,0.077475
0.018034,0.683312,1119,1864,1279,2431,3393,2265,2454,3088,2950,1614,3432,2510,1747,2089,,0.314042,0.086481,0.168182,0.816964,0.941096,0.659819,0.639456,0.814788,0.885097,0.538251,0.846626,0.619016,0.447146,0.077475
0.017968,0.701280,1119,1863,1279,2430,3393,2264,2455,3088,2950,1613,3431,2509,1748,2089,,0.314042,0.085487,0.168182,0.815848,0.941096,0.659214,0.640428,0.814788,0.885097,0.537341,0.845603,0.618361,0.448203,0.077475
0.018001,0.719281,1119,1863,1279,2431,3392,2265,2455,3087,2950,1614,3432,2508,1748,2089,,0.314042,0.085487,0.168182,0.816964,0.940411,0.659819,0.640428,0.814056,0.885097,0.538251,0.846626,0.617705,0.448203,0.077475
0.017999,0.737279,1118,1863,1278,2431,3392,2265,2455,3087,2950,1614,3431,2508,1749,2090,,0.313093,0.085487,0.167273,0.816964,0.940411,0.659819,0.640428,0.814056,0.885097,0.538251,0.845603,0.617705,0.449260,0.078192
0.018000,0.755279,1119,1864,1278,2431,3393,2264,2455,3088,2949,1614,3431,2508,1749,2090,,0.314042,0.086481,0.167273,0.816964,0.941096,0.659214,0.640428,0.814788,0.883959,0.538251,0.845603,0.617705,0.449260,0.078192
0.018004,0.773283,1119,1864,1279,2431,3392,2264,2456,3087,2949,1614,3432,2508,1748,2090,,0.314042,0.086481,0.168182,0.816964,0.940411,0.659214,0.641399,0.814056,0.883959,0.538251,0.846626,0.617705,0.448203,0.078192
0.017980,0.791263,1119,1864,1278,2431,3392,2264,2455,3087,2950,1614,3432,2508,1748,2090,,0.314042,0.086481,0.167273,0.816964,0.940411,0.659214,0.640428,0.814056,0.885097,0.538251,0.846626,0.617705,0.448203,0.078192
0.018021,0.809285,1120,1864,1279,2431,3393,2263,2455,3087,2949,1614,3432,2508,1748,2089,,0.314991,0.086481,0.168182,0.816964,0.941096,0.658610,0.640428,0.814056,0.883959,0.538251,0.846626,0.617705,0.448203,0.077475
0.018035,0.827320,1120,1864,1279,2430,3392,2264,2456,3087,2950,1614,3431,2509,1748,2089,,0.314991,0.086481,0.168182,0.815848,0.940411,0.659214,0.641399,0.814056,0.885097,0.538251,0.845603,0.618361,0.448203,0.077475
0.017969,0.845289,1120,1864,1279,2429,3392,2264,2455,3087,2949,1614,3432,2510,1748,2089,,0.314991,0.086481,0.168182,0.814732,0.940411,0.659214,0.640428,0.814056,0.883959,0.538251,0.846626,0.619016,0.448203,0.077475
0.017976,0.863264,1120,1863,1279,2429,3391,2264,2455,3087,2950,1613,3432,2509,1749,2089,,0.314991,0.085487,0.168182,0.814732,0.939726,0.659214,0.640428,0.814056,0.885097,0.537341,0.846626,0.618361,0.449260,0.077475
0.018000,0.881265,1120,1863,1278,2430,3392,2264,2455,3088,2949,1613,3432,2509,1748,2089,,0.314991,0.085487,0.167273,0.815848,0.940411,0.659214,0.640428,0.814788,0.883959,0.537341,0.846626,0.618361,0.448203,0.077475
0.018022,0.899287,1121,1864,1279,2429,3393,2264,2455,3088,2950,1613,3432,2508,1748,2089,,0.315939,0.086481,0.168182,0.814732,0.941096,0.659214,0.640428,0.814788,0.885097,0.537341,0.846626,0.617705,0.448203,0.077475
0.018004,0.917291,1120,1863,1278,2429,3392,2263,2455,3087,2950,1612,3432,2509,1747,2089,,0.314991,0.085487,0.167273,0.814732,0.940411,0.658610,0.640428,0.814056,0.885097,0.536430,0.846626,0.618361,0.447146,0.077475
0.017998,0.935289,1121,1863,1279,2428,3393,2264,2454,3086,2949,1613,3432,2510,1747,2088,,0.315939,0.085487,0.168182,0.813616,0.941096,0.659214,0.639456,0.813324,0.883959,0.537341,0.846626,0.619016,0.447146,0.076758
0.018001,0.953290,1120,1863,1279,2429,3393,2264,2455,3087,2949,1613,3432,2510,1748,2088,,0.314991,0.085487,0.168182,0.814732,0.941096,0.659214,0.640428,0.814056,0.883959,0.537341,0.846626,0.619016,0.448203,0.076758
0.018000,0.971290,1121,1863,1279,2428,3393,2264,2454,3087,2949,1612,3433,2509,1747,2088,,0.315939,0.085487,0.168182,0.813616,0.941096,0.659214,0.639456,0.814056,0.883959,0.536430,0.847648,0.618361,0.447146,0.076758
0.017981,0.989270,1120,1863,1278,2429,3392,2264,2455,3087,2949,1612,3433,2509,1748,2088,,0.314991,0.085487,0.167273,0.814732,0.940411,0.659214,0.640428,0.814056,0.883959,0.536430,0.847648,0.618361,0.448203,0.076758
0.018022,1.007292,1120,1862,1278,2427,3392,2264,2455,3087,2949,1612,3433,2509,1747,2088,,0.314991,0.084493,0.167273,0.812500,0.940411,0.659214,0.640428,0.814056,0.883959,0.536430,0.847648,0.618361,0.447146,0.076758
0.017982,1.025274,1120,1863,1279,2429,3393,2263,2456,3086,2948,1613,3433,2508,1747,2087,,0.314991,0.085487,0.168182,0.814732,0.941096,0.658610,0.641399,0.813324,0.882821,0.537341,0.847648,0.617705,0.447146,0.076040
0.018020,1.043294,1119,1863,1278,2428,3393,2263,2455,3087,2949,1612,3433,2508,1747,2088,,0.314042,0.085487,0.167273,0.813616,0.941096,0.658610,0.640428,0.814056,0.883959,0.536430,0.847648,0.617705,0.447146,0.076758
0.018001,1.061295,1119,1863,1278,2428,3393,2264,2455,3087,2949,1613,3434,2508,1747,2087,,0.314042,0.085487,0.167273,0.813616,0.941096,0.659214,0.640428,0.814056,0.883959,0.537341,0.848671,0.617705,0.447146,0.076040
0.018004,1.079300,1119,1862,1278,2429,3392,2264,2456,3087,2949,1613,3433,2509,1747,2088,,0.314042,0.084493,0.167273,0.814732,0.940411,0.659214,0.641399,0.814056,0.883959,0.537341,0.847648,0.618361,0.447146,0.076758
0.017998,1.097298,1120,1863,1279,2428,3393,2264,2456,3087,2949,1613,3433,2507,1747,2087,,0.314991,0.085487,0.168182,0.813616,0.941096,0.659214,0.641399,0.814056,0.883959,0.537341,0.847648,0.617049,0.447146,0.076040
0.018001,1.115298,1120,1863,1279,2429,3393,2264,2456,3087,2949,1613,3434,2508,1747,2088,,0.314991,0.085487,0.168182,0.814732,0.941096,0.659214,0.641399,0.814056,0.883959,0.537341,0.848671,0.617705,0.447146,0.076758
0.018001,1.133299,1120,1863,1278,2429,3392,2264,2456,3088,2950,1613,3434,2509,1747,2088,,0.314991,0.085487,0.167273,0.814732,0.940411,0.659214,0.641399,0.814788,0.885097,0.537341,0.848671,0.618361,0.447146,0.076758
0.018000,1.151299,1121,1864,1278,2429,3393,2263,2457,3087,2949,1614,3434,2509,1747,2087,,0.315939,0.086481,0.167273,0.814732,0.941096,0.658610,0.642371,0.814056,0.883959,0.538251,0.848671,0.618361,0.447146,0.076040
0.018003,1.169303,1121,1864,1279,2429,3392,2264,2456,3088,2949,1613,3433,2509,1747,2088,,0.315939,0.086481,0.168182,0.814732,0.940411,0.659214,0.641399,0.814788,0.883959,0.537341,0.847648,0.618361,0.447146,0.076758
0.017998,1.187301,1120,1863,1278,2428,3393,2264,2456,3087,2949,1613,3434,2510,1747,2088,,0.314991,0.085487,0.167273,0.813616,0.941096,0.659214,0.641399,0.814056,0.883959,0.537341,0.848671,0.619016,0.447146,0.076758
0.018004,1.205305,1121,1863,1279,2428,3392,2264,2456,3087,2949,1613,3434,2509,1748,2087,,0.315939,0.085487,0.168182,0.813616,0.940411,0.659214,0.641399,0.814056,0.883959,0.537341,0.848671,0.618361,0.448203,0.076040
0.017997,1.223303,1121,1863,1279,2429,3392,2264,2457,3088,2949,1613,3433,2509,1747,2087,,0.315939,0.085487,0.168182,0.814732,0.940411,0.659214,0.642371,0.814788,0.883959,0.537341,0.847648,0.618361,0.447146,0.076040
0.018002,1.241304,1120,1863,1279,2428,3393,2264,2456,3087,2949,1614,3433,2509,1747,2087,,0.314991,0.085487,0.168182,0.813616,0.941096,0.659214,0.641399,0.814056,0.883959,0.538251,0.847648,0.618361,0.447146,0.076040
0.018001,1.259306,1120,1863,1278,2429,3392,2263,2456,3088,2949,1613,3433,2509,1746,2087,,0.314991,0.085487,0.167273,0.814732,0.940411,0.658610,0.641399,0.814788,0.883959,0.537341,0.847648,0.618361,0.446089,0.076040
