GloveManager recording started on 10/20/16 at 16:22:59

,,Glove 1,Glove 1,Glove 1,Glove 1,Glove 1,Glove 1,Glove 1,Glove 1,Glove 1,Glove 1,Glove 1,Glove 1,Glove 1,Glove 1,,Glove 1 Scaled,Glove 1 Scaled,Glove 1 Scaled,Glove 1 Scaled,Glove 1 Scaled,Glove 1 Scaled,Glove 1 Scaled,Glove 1 Scaled,Glove 1 Scaled,Glove 1 Scaled,Glove 1 Scaled,Glove 1 Scaled,Glove 1 Scaled,Glove 1 Scaled
delta time (s), absolute time (s),Thumb Near,Thumb Far,Thumb/Index,Index Near,Index Far,Index/Middle,Middle Near,Middle Far,Middle/Ring,Ring Near,Ring Far,Ring/Little,Little Near,Little Far,,Thumb Near,Thumb Far,Thumb/Index,Index Near,Index Far,Index/Middle,Middle Near,Middle Far,Middle/Ring,Ring Near,Ring Far,Ring/Little,Little Near,Little Far
0.017577,0.017577,1025,1980,1816,2230,2363,1628,2309,2262,2707,1704,3467,2932,1816,2678,,0.224858,0.201789,0.656364,0.592634,0.235616,0.274924,0.498542,0.210102,0.608646,0.620219,0.882413,0.895738,0.520085,0.500000
0.017976,0.035552,1025,1980,1817,2230,2362,1628,2310,2262,2707,1704,3467,2931,1816,2677,,0.224858,0.201789,0.657273,0.592634,0.234932,0.274924,0.499514,0.210102,0.608646,0.620219,0.882413,0.895082,0.520085,0.499283
0.018028,0.053580,1025,1981,1816,2230,2362,1628,2309,2262,2706,1703,3468,2932,1816,2677,,0.224858,0.202783,0.656364,0.592634,0.234932,0.274924,0.498542,0.210102,0.607509,0.619308,0.883436,0.895738,0.520085,0.499283
0.017997,0.071577,1025,1980,1817,2231,2362,1629,2309,2261,2706,1703,3467,2932,1816,2677,,0.224858,0.201789,0.657273,0.593750,0.234932,0.275529,0.498542,0.209370,0.607509,0.619308,0.882413,0.895738,0.520085,0.499283
0.018005,0.089581,1025,1980,1816,2232,2361,1630,2308,2261,2707,1704,3467,2931,1817,2677,,0.224858,0.201789,0.656364,0.594866,0.234247,0.276133,0.497570,0.209370,0.608646,0.620219,0.882413,0.895082,0.521142,0.499283
0.018021,0.107602,1026,1981,1817,2232,2362,1630,2308,2261,2707,1704,3468,2931,1815,2677,,0.225806,0.202783,0.657273,0.594866,0.234932,0.276133,0.497570,0.209370,0.608646,0.620219,0.883436,0.895082,0.519027,0.499283
0.017991,0.125593,1025,1981,1816,2231,2361,1630,2309,2262,2707,1703,3467,2931,1816,2677,,0.224858,0.202783,0.656364,0.593750,0.234247,0.276133,0.498542,0.210102,0.608646,0.619308,0.882413,0.895082,0.520085,0.499283
0.017989,0.143581,1026,1980,1817,2232,2362,1631,2308,2261,2707,1703,3467,2932,1816,2677,,0.225806,0.201789,0.657273,0.594866,0.234932,0.276737,0.497570,0.209370,0.608646,0.619308,0.882413,0.895738,0.520085,0.499283
0.018002,0.161583,1025,1981,1816,2232,2362,1632,2309,2260,2706,1703,3467,2932,1816,2677,,0.224858,0.202783,0.656364,0.594866,0.234932,0.277341,0.498542,0.208638,0.607509,0.619308,0.882413,0.895738,0.520085,0.499283
0.017999,0.179582,1025,1981,1816,2232,2361,1633,2309,2260,2707,1703,3467,2931,1817,2678,,0.224858,0.202783,0.656364,0.594866,0.234247,0.277946,0.498542,0.208638,0.608646,0.619308,0.882413,0.895082,0.521142,0.500000
0.018003,0.197585,1026,1981,1816,2232,2361,1633,2309,2260,2707,1702,3467,2931,1817,2677,,0.225806,0.202783,0.656364,0.594866,0.234247,0.277946,0.498542,0.208638,0.608646,0.618397,0.882413,0.895082,0.521142,0.499283
0.018004,0.215589,1026,1980,1815,2232,2361,1633,2307,2260,2707,1702,3467,2931,1817,2678,,0.225806,0.201789,0.655455,0.594866,0.234247,0.277946,0.496599,0.208638,0.608646,0.618397,0.882413,0.895082,0.521142,0.500000
0.018005,0.233594,1026,1980,1816,2233,2361,1634,2308,2260,2707,1703,3467,2931,1817,2677,,0.225806,0.201789,0.656364,0.595982,0.234247,0.278550,0.497570,0.208638,0.608646,0.619308,0.882413,0.895082,0.521142,0.499283
0.017993,0.251588,1025,1981,1815,2233,2360,1635,2307,2260,2707,1702,3467,2931,1818,2679,,0.224858,0.202783,0.655455,0.595982,0.233562,0.279154,0.496599,0.208638,0.608646,0.618397,0.882413,0.895082,0.522199,0.500717
0.017990,0.269577,1025,1980,1814,2233,2360,1635,2308,2260,2707,1702,3466,2931,1817,2678,,0.224858,0.201789,0.654545,0.595982,0.233562,0.279154,0.497570,0.208638,0.608646,0.618397,0.881391,0.895082,0.521142,0.500000
0.017987,0.287564,1025,1980,1815,2234,2361,1637,2308,2260,2707,1702,3467,2932,1818,2678,,0.224858,0.201789,0.655455,0.597098,0.234247,0.280363,0.497570,0.208638,0.608646,0.618397,0.882413,0.895738,0.522199,0.500000
0.018026,0.305591,1025,1980,1814,2235,2361,1639,2309,2260,2708,1702,3467,2931,1816,2679,,0.224858,0.201789,0.654545,0.598214,0.234247,0.281571,0.498542,0.208638,0.609784,0.618397,0.882413,0.895082,0.520085,0.500717
0.018008,0.323599,1026,1979,1815,2235,2360,1641,2308,2260,2707,1702,3467,2932,1817,2680,,0.225806,0.200795,0.655455,0.598214,0.233562,0.282779,0.497570,0.208638,0.608646,0.618397,0.882413,0.895738,0.521142,0.501435
0.017996,0.341595,1026,1979,1814,2235,2360,1642,2308,2260,2707,1701,3466,2931,1818,2680,,0.225806,0.200795,0.654545,0.598214,0.233562,0.283384,0.497570,0.208638,0.608646,0.617486,0.881391,0.895082,0.522199,0.501435
0.018000,0.359596,1025,1979,1815,2236,2360,1643,2308,2260,2707,1701,3467,2931,1818,2680,,0.224858,0.200795,0.655455,0.599330,0.233562,0.283988,0.497570,0.208638,0.608646,0.617486,0.882413,0.895082,0.522199,0.501435
0.018003,0.377599,1026,1979,1814,2236,2360,1643,2308,2260,2708,1702,3467,2931,1817,2681,,0.225806,0.200795,0.654545,0.599330,0.233562,0.283988,0.497570,0.208638,0.609784,0.618397,0.882413,0.895082,0.521142,0.502152
0.017996,0.395595,1026,1980,1815,2237,2361,1644,2309,2260,2708,1702,3466,2932,1817,2681,,0.225806,0.201789,0.655455,0.600446,0.234247,0.284592,0.498542,0.208638,0.609784,0.618397,0.881391,0.895738,0.521142,0.502152
0.018000,0.413596,1026,1980,1814,2236,2361,1644,2309,2260,2707,1702,3467,2932,1817,2680,,0.225806,0.201789,0.654545,0.599330,0.234247,0.284592,0.498542,0.208638,0.608646,0.618397,0.882413,0.895738,0.521142,0.501435
0.018003,0.431598,1026,1979,1815,2236,2360,1645,2309,2259,2707,1702,3466,2932,1818,2680,,0.225806,0.200795,0.655455,0.599330,0.233562,0.285196,0.498542,0.207906,0.608646,0.618397,0.881391,0.895738,0.522199,0.501435
0.017998,0.449596,1026,1980,1815,2236,2360,1645,2308,2259,2707,1702,3467,2932,1817,2681,,0.225806,0.201789,0.655455,0.599330,0.233562,0.285196,0.497570,0.207906,0.608646,0.618397,0.882413,0.895738,0.521142,0.502152
0.018000,0.467597,1027,1980,1815,2237,2360,1646,2309,2260,2708,1702,3467,2932,1818,2681,,0.226755,0.201789,0.655455,0.600446,0.233562,0.285801,0.498542,0.208638,0.609784,0.618397,0.882413,0.895738,0.522199,0.502152
0.017977,0.485573,1026,1979,1813,2236,2360,1645,2309,2259,2708,1702,3466,2932,1818,2681,,0.225806,0.200795,0.653636,0.599330,0.233562,0.285196,0.498542,0.207906,0.609784,0.618397,0.881391,0.895738,0.522199,0.502152
0.018027,0.503601,1025,1978,1813,2236,2359,1646,2308,2259,2707,1701,3467,2931,1818,2682,,0.224858,0.199801,0.653636,0.599330,0.232877,0.285801,0.497570,0.207906,0.608646,0.617486,0.882413,0.895082,0.522199,0.502869
0.018000,0.521600,1026,1979,1813,2237,2360,1649,2309,2259,2707,1700,3466,2932,1818,2683,,0.225806,0.200795,0.653636,0.600446,0.233562,0.287613,0.498542,0.207906,0.608646,0.616576,0.881391,0.895738,0.522199,0.503587
0.018006,0.539607,1026,1979,1813,2237,2360,1649,2309,2259,2707,1700,3466,2932,1818,2683,,0.225806,0.200795,0.653636,0.600446,0.233562,0.287613,0.498542,0.207906,0.608646,0.616576,0.881391,0.895738,0.522199,0.503587
0.017994,0.557601,1026,1979,1814,2238,2360,1650,2308,2259,2708,1701,3466,2932,1818,2683,,0.225806,0.200795,0.654545,0.601563,0.233562,0.288218,0.497570,0.207906,0.609784,0.617486,0.881391,0.895738,0.522199,0.503587
0.018006,0.575607,1026,1979,1813,2238,2359,1651,2308,2259,2708,1701,3466,2932,1819,2684,,0.225806,0.200795,0.653636,0.601563,0.232877,0.288822,0.497570,0.207906,0.609784,0.617486,0.881391,0.895738,0.523256,0.504304
0.018001,0.593608,1027,1979,1814,2238,2360,1651,2308,2258,2708,1701,3466,2932,1818,2683,,0.226755,0.200795,0.654545,0.601563,0.233562,0.288822,0.497570,0.207174,0.609784,0.617486,0.881391,0.895738,0.522199,0.503587
0.017994,0.611602,1026,1980,1813,2238,2360,1652,2309,2259,2708,1701,3467,2932,1818,2683,,0.225806,0.201789,0.653636,0.601563,0.233562,0.289426,0.498542,0.207906,0.609784,0.617486,0.882413,0.895738,0.522199,0.503587
0.018006,0.629608,1026,1979,1813,2238,2360,1653,2308,2259,2707,1702,3466,2932,1818,2684,,0.225806,0.200795,0.653636,0.601563,0.233562,0.290030,0.497570,0.207906,0.608646,0.618397,0.881391,0.895738,0.522199,0.504304
0.018000,0.647608,1026,1979,1813,2238,2360,1653,2308,2259,2707,1702,3466,2932,1818,2684,,0.225806,0.200795,0.653636,0.601563,0.233562,0.290030,0.497570,0.207906,0.608646,0.618397,0.881391,0.895738,0.522199,0.504304
0.018019,0.665627,1026,1980,1813,2239,2359,1653,2308,2258,2707,1701,3467,2932,1819,2685,,0.225806,0.201789,0.653636,0.602679,0.232877,0.290030,0.497570,0.207174,0.608646,0.617486,0.882413,0.895738,0.523256,0.505022
0.017985,0.683611,1026,1979,1812,2239,2360,1654,2308,2258,2707,1701,3467,2932,1817,2686,,0.225806,0.200795,0.652727,0.602679,0.233562,0.290634,0.497570,0.207174,0.608646,0.617486,0.882413,0.895738,0.521142,0.505739
0.018005,0.701616,1027,1979,1812,2238,2359,1655,2308,2258,2708,1701,3466,2931,1817,2685,,0.226755,0.200795,0.652727,0.601563,0.232877,0.291239,0.497570,0.207174,0.609784,0.617486,0.881391,0.895082,0.521142,0.505022
0.018000,0.719616,1027,1979,1812,2238,2359,1655,2308,2258,2708,1701,3466,2931,1817,2685,,0.226755,0.200795,0.652727,0.601563,0.232877,0.291239,0.497570,0.207174,0.609784,0.617486,0.881391,0.895082,0.521142,0.505022
0.017995,0.737611,1026,1978,1812,2239,2359,1655,2307,2257,2708,1699,3467,2930,1818,2685,,0.225806,0.199801,0.652727,0.602679,0.232877,0.291239,0.496599,0.206442,0.609784,0.615665,0.882413,0.894426,0.522199,0.505022
0.017981,0.755592,1026,1978,1812,2239,2359,1655,2307,2257,2708,1699,3467,2930,1818,2685,,0.225806,0.199801,0.652727,0.602679,0.232877,0.291239,0.496599,0.206442,0.609784,0.615665,0.882413,0.894426,0.522199,0.505022
0.018020,0.773612,1026,1979,1813,2240,2359,1655,2308,2257,2708,1700,3467,2931,1818,2685,,0.225806,0.200795,0.653636,0.603795,0.232877,0.291239,0.497570,0.206442,0.609784,0.616576,0.882413,0.895082,0.522199,0.505022
0.017997,0.791609,1027,1979,1812,2240,2359,1655,2308,2257,2708,1699,3467,2932,1817,2685,,0.226755,0.200795,0.652727,0.603795,0.232877,0.291239,0.497570,0.206442,0.609784,0.615665,0.882413,0.895738,0.521142,0.505022
0.018035,0.809644,1026,1979,1812,2240,2359,1656,2308,2257,2707,1699,3467,2931,1817,2685,,0.225806,0.200795,0.652727,0.603795,0.232877,0.291843,0.497570,0.206442,0.608646,0.615665,0.882413,0.895082,0.521142,0.505022
0.017972,0.827616,1027,1979,1812,2240,2359,1656,2309,2257,2707,1700,3467,2931,1818,2685,,0.226755,0.200795,0.652727,0.603795,0.232877,0.291843,0.498542,0.206442,0.608646,0.616576,0.882413,0.895082,0.522199,0.505022
0.018005,0.845621,1027,1979,1811,2240,2358,1657,2308,2256,2707,1698,3466,2932,1817,2685,,0.226755,0.200795,0.651818,0.603795,0.232192,0.292447,0.497570,0.205710,0.608646,0.614754,0.881391,0.895738,0.521142,0.505022
0.017996,0.863617,1026,1978,1812,2241,2358,1657,2308,2257,2708,1699,3466,2931,1816,2685,,0.225806,0.199801,0.652727,0.604911,0.232192,0.292447,0.497570,0.206442,0.609784,0.615665,0.881391,0.895082,0.520085,0.505022
0.017977,0.881594,1026,1978,1811,2240,2358,1658,2308,2257,2707,1698,3466,2931,1816,2685,,0.225806,0.199801,0.651818,0.603795,0.232192,0.293051,0.497570,0.206442,0.608646,0.614754,0.881391,0.895082,0.520085,0.505022
0.018031,0.899625,1026,1978,1810,2240,2358,1659,2308,2257,2708,1698,3466,2931,1816,2686,,0.225806,0.199801,0.650909,0.603795,0.232192,0.293656,0.497570,0.206442,0.609784,0.614754,0.881391,0.895082,0.520085,0.505739
0.017993,0.917618,1026,1978,1811,2241,2358,1660,2308,2257,2707,1698,3466,2932,1817,2685,,0.225806,0.199801,0.651818,0.604911,0.232192,0.294260,0.497570,0.206442,0.608646,0.614754,0.881391,0.895738,0.521142,0.505022
0.018023,0.935641,1026,1978,1811,2241,2358,1660,2308,2257,2708,1699,3465,2931,1817,2686,,0.225806,0.199801,0.651818,0.604911,0.232192,0.294260,0.497570,0.206442,0.609784,0.615665,0.880368,0.895082,0.521142,0.505739
0.018013,0.953654,1027,1978,1811,2241,2358,1661,2308,2258,2708,1699,3465,2931,1817,2686,,0.226755,0.199801,0.651818,0.604911,0.232192,0.294864,0.497570,0.207174,0.609784,0.615665,0.880368,0.895082,0.521142,0.505739
0.017971,0.971625,1026,1979,1810,2241,2357,1660,2308,2257,2708,1699,3466,2931,1817,2686,,0.225806,0.200795,0.650909,0.604911,0.231507,0.294260,0.497570,0.206442,0.609784,0.615665,0.881391,0.895082,0.521142,0.505739
0.018032,0.989657,1026,1979,1811,2241,2358,1661,2308,2257,2708,1700,3467,2933,1817,2686,,0.225806,0.200795,0.651818,0.604911,0.232192,0.294864,0.497570,0.206442,0.609784,0.616576,0.882413,0.896393,0.521142,0.505739
0.017952,1.007609,1027,1978,1811,2241,2358,1661,2308,2256,2707,1699,3466,2932,1817,2686,,0.226755,0.199801,0.651818,0.604911,0.232192,0.294864,0.497570,0.205710,0.608646,0.615665,0.881391,0.895738,0.521142,0.505739
0.018036,1.025645,1027,1978,1811,2241,2358,1661,2308,2256,2707,1699,3466,2932,1817,2686,,0.226755,0.199801,0.651818,0.604911,0.232192,0.294864,0.497570,0.205710,0.608646,0.615665,0.881391,0.895738,0.521142,0.505739
0.017991,1.043636,1026,1978,1810,2241,2357,1661,2308,2256,2707,1699,3466,2931,1818,2686,,0.225806,0.199801,0.650909,0.604911,0.231507,0.294864,0.497570,0.205710,0.608646,0.615665,0.881391,0.895082,0.522199,0.505739
0.017996,1.061632,1025,1978,1809,2242,2357,1661,2308,2256,2707,1700,3466,2931,1817,2687,,0.224858,0.199801,0.650000,0.606027,0.231507,0.294864,0.497570,0.205710,0.608646,0.616576,0.881391,0.895082,0.521142,0.506456
0.018012,1.079645,1027,1978,1810,2241,2358,1661,2307,2257,2707,1699,3466,2931,1817,2687,,0.226755,0.199801,0.650909,0.604911,0.232192,0.294864,0.496599,0.206442,0.608646,0.615665,0.881391,0.895082,0.521142,0.506456
0.017988,1.097633,1026,1978,1810,2241,2357,1661,2308,2256,2707,1699,3466,2931,1817,2687,,0.225806,0.199801,0.650909,0.604911,0.231507,0.294864,0.497570,0.205710,0.608646,0.615665,0.881391,0.895082,0.521142,0.506456
0.018008,1.115641,1025,1978,1810,2242,2357,1661,2308,2256,2708,1699,3466,2932,1817,2686,,0.224858,0.199801,0.650909,0.606027,0.231507,0.294864,0.497570,0.205710,0.609784,0.615665,0.881391,0.895738,0.521142,0.505739
