GloveManager recording started on 10/20/16 at 16:09:58

,,Glove 1,Glove 1,Glove 1,Glove 1,Glove 1,Glove 1,Glove 1,Glove 1,Glove 1,Glove 1,Glove 1,Glove 1,Glove 1,Glove 1,,Glove 1 Scaled,Glove 1 Scaled,Glove 1 Scaled,Glove 1 Scaled,Glove 1 Scaled,Glove 1 Scaled,Glove 1 Scaled,Glove 1 Scaled,Glove 1 Scaled,Glove 1 Scaled,Glove 1 Scaled,Glove 1 Scaled,Glove 1 Scaled,Glove 1 Scaled
delta time (s), absolute time (s),Thumb Near,Thumb Far,Thumb/Index,Index Near,Index Far,Index/Middle,Middle Near,Middle Far,Middle/Ring,Ring Near,Ring Far,Ring/Little,Little Near,Little Far,,Thumb Near,Thumb Far,Thumb/Index,Index Near,Index Far,Index/Middle,Middle Near,Middle Far,Middle/Ring,Ring Near,Ring Far,Ring/Little,Little Near,Little Far
0.017351,0.017351,1334,2089,1174,2000,2253,1795,2420,2819,2806,1296,3172,2910,1669,2447,,0.665043,0.366385,0.059041,0.327684,0.160274,0.375831,0.602941,0.631737,0.745882,0.251381,0.577320,0.835305,0.329955,0.334290
0.017989,0.035339,1334,2089,1174,2000,2253,1795,2420,2819,2806,1296,3172,2910,1669,2447,,0.665043,0.366385,0.059041,0.327684,0.160274,0.375831,0.602941,0.631737,0.745882,0.251381,0.577320,0.835305,0.329955,0.334290
0.017998,0.053337,1335,2090,1174,2001,2251,1796,2420,2820,2806,1296,3172,2909,1669,2447,,0.666261,0.367594,0.059041,0.328814,0.158904,0.376435,0.602941,0.632485,0.745882,0.251381,0.577320,0.834395,0.329955,0.334290
0.018001,0.071339,1335,2090,1174,2001,2251,1796,2420,2820,2806,1296,3172,2909,1669,2447,,0.666261,0.367594,0.059041,0.328814,0.158904,0.376435,0.602941,0.632485,0.745882,0.251381,0.577320,0.834395,0.329955,0.334290
0.018010,0.089349,1336,2090,1175,2002,2250,1797,2422,2819,2806,1296,3172,2910,1671,2447,,0.667479,0.367594,0.059963,0.329944,0.158219,0.377039,0.604902,0.631737,0.745882,0.251381,0.577320,0.835305,0.332207,0.334290
0.018000,0.107349,1336,2090,1175,2002,2250,1797,2422,2819,2806,1296,3172,2910,1671,2447,,0.667479,0.367594,0.059963,0.329944,0.158219,0.377039,0.604902,0.631737,0.745882,0.251381,0.577320,0.835305,0.332207,0.334290
0.017994,0.125343,1336,2091,1175,2002,2251,1798,2423,2821,2806,1298,3172,2911,1670,2447,,0.667479,0.368803,0.059963,0.329944,0.158904,0.377643,0.605882,0.633234,0.745882,0.253223,0.577320,0.836215,0.331081,0.334290
0.018009,0.143352,1336,2090,1175,2002,2250,1798,2423,2820,2806,1298,3172,2910,1670,2447,,0.667479,0.367594,0.059963,0.329944,0.158219,0.377643,0.605882,0.632485,0.745882,0.253223,0.577320,0.835305,0.331081,0.334290
0.017999,0.161351,1336,2091,1175,2003,2250,1798,2422,2821,2806,1297,3172,2911,1670,2446,,0.667479,0.368803,0.059963,0.331073,0.158219,0.377643,0.604902,0.633234,0.745882,0.252302,0.577320,0.836215,0.331081,0.333572
0.018001,0.179352,1336,2091,1175,2004,2248,1800,2423,2820,2806,1299,3172,2909,1670,2447,,0.667479,0.368803,0.059963,0.332203,0.156849,0.378852,0.605882,0.632485,0.745882,0.254144,0.577320,0.834395,0.331081,0.334290
0.018006,0.197358,1335,2090,1175,2004,2247,1800,2423,2821,2806,1298,3172,2910,1670,2446,,0.666261,0.367594,0.059963,0.332203,0.156164,0.378852,0.605882,0.633234,0.745882,0.253223,0.577320,0.835305,0.331081,0.333572
0.017987,0.215345,1336,2090,1174,2004,2246,1800,2423,2821,2806,1298,3171,2910,1669,2446,,0.667479,0.367594,0.059041,0.332203,0.155479,0.378852,0.605882,0.633234,0.745882,0.253223,0.576289,0.835305,0.329955,0.333572
0.018005,0.233350,1335,2090,1174,2005,2246,1801,2423,2821,2807,1299,3172,2910,1670,2446,,0.666261,0.367594,0.059041,0.333333,0.155479,0.379456,0.605882,0.633234,0.747059,0.254144,0.577320,0.835305,0.331081,0.333572
0.018009,0.251359,1335,2090,1174,2006,2245,1803,2423,2821,2807,1298,3171,2910,1670,2445,,0.666261,0.367594,0.059041,0.334463,0.154795,0.380665,0.605882,0.633234,0.747059,0.253223,0.576289,0.835305,0.331081,0.332855
0.017992,0.269351,1335,2090,1174,2006,2245,1803,2423,2821,2807,1298,3171,2910,1670,2445,,0.666261,0.367594,0.059041,0.334463,0.154795,0.380665,0.605882,0.633234,0.747059,0.253223,0.576289,0.835305,0.331081,0.332855
0.018011,0.287362,1335,2090,1174,2006,2244,1804,2424,2820,2807,1299,3171,2910,1670,2443,,0.666261,0.367594,0.059041,0.334463,0.154110,0.381269,0.606863,0.632485,0.747059,0.254144,0.576289,0.835305,0.331081,0.331420
0.017989,0.305351,1335,2088,1175,2007,2243,1805,2424,2819,2807,1298,3170,2910,1670,2444,,0.666261,0.365175,0.059963,0.335593,0.153425,0.381873,0.606863,0.631737,0.747059,0.253223,0.575258,0.835305,0.331081,0.332138
0.018002,0.323353,1335,2088,1175,2007,2243,1805,2423,2820,2808,1299,3170,2911,1669,2444,,0.666261,0.365175,0.059963,0.335593,0.153425,0.381873,0.605882,0.632485,0.748235,0.254144,0.575258,0.836215,0.329955,0.332138
0.018025,0.341378,1335,2088,1174,2007,2242,1806,2424,2820,2807,1299,3170,2910,1670,2444,,0.666261,0.365175,0.059041,0.335593,0.152740,0.382477,0.606863,0.632485,0.747059,0.254144,0.575258,0.835305,0.331081,0.332138
0.017967,0.359345,1335,2087,1175,2008,2241,1807,2424,2820,2808,1299,3169,2910,1669,2444,,0.666261,0.363966,0.059963,0.336723,0.152055,0.383082,0.606863,0.632485,0.748235,0.254144,0.574227,0.835305,0.329955,0.332138
0.017989,0.377334,1334,2086,1174,2008,2241,1807,2423,2819,2808,1298,3169,2910,1669,2444,,0.665043,0.362757,0.059041,0.336723,0.152055,0.383082,0.605882,0.631737,0.748235,0.253223,0.574227,0.835305,0.329955,0.332138
0.018011,0.395345,1333,2085,1174,2008,2241,1807,2423,2819,2809,1298,3169,2910,1669,2443,,0.663825,0.361548,0.059041,0.336723,0.152055,0.383082,0.605882,0.631737,0.749412,0.253223,0.574227,0.835305,0.329955,0.331420
0.018020,0.413365,1333,2085,1174,2008,2241,1807,2423,2819,2809,1298,3169,2910,1669,2443,,0.663825,0.361548,0.059041,0.336723,0.152055,0.383082,0.605882,0.631737,0.749412,0.253223,0.574227,0.835305,0.329955,0.331420
0.018005,0.431370,1335,2086,1175,2009,2239,1809,2424,2819,2809,1299,3169,2910,1669,2444,,0.666261,0.362757,0.059963,0.337853,0.150685,0.384290,0.606863,0.631737,0.749412,0.254144,0.574227,0.835305,0.329955,0.332138
0.017998,0.449369,1334,2087,1174,2009,2239,1810,2425,2819,2809,1300,3169,2909,1669,2444,,0.665043,0.363966,0.059041,0.337853,0.150685,0.384894,0.607843,0.631737,0.749412,0.255064,0.574227,0.834395,0.329955,0.332138
0.017994,0.467362,1335,2087,1175,2010,2239,1811,2424,2820,2810,1299,3169,2909,1669,2443,,0.666261,0.363966,0.059963,0.338983,0.150685,0.385498,0.606863,0.632485,0.750588,0.254144,0.574227,0.834395,0.329955,0.331420
0.017979,0.485341,1334,2086,1175,2009,2238,1811,2423,2819,2811,1299,3169,2910,1669,2443,,0.665043,0.362757,0.059963,0.337853,0.150000,0.385498,0.605882,0.631737,0.751765,0.254144,0.574227,0.835305,0.329955,0.331420
0.018024,0.503365,1334,2087,1174,2009,2239,1810,2423,2819,2811,1298,3168,2910,1669,2441,,0.665043,0.363966,0.059041,0.337853,0.150685,0.384894,0.605882,0.631737,0.751765,0.253223,0.573196,0.835305,0.329955,0.329986
0.018020,0.521385,1335,2087,1175,2010,2238,1811,2423,2819,2812,1298,3168,2909,1668,2440,,0.666261,0.363966,0.059963,0.338983,0.150000,0.385498,0.605882,0.631737,0.752941,0.253223,0.573196,0.834395,0.328829,0.329268
0.017988,0.539373,1335,2087,1175,2011,2237,1812,2423,2818,2812,1298,3167,2910,1668,2440,,0.666261,0.363966,0.059963,0.340113,0.149315,0.386103,0.605882,0.630988,0.752941,0.253223,0.572165,0.835305,0.328829,0.329268
0.017993,0.557366,1334,2086,1174,2011,2236,1813,2423,2818,2812,1299,3166,2909,1668,2440,,0.665043,0.362757,0.059041,0.340113,0.148630,0.386707,0.605882,0.630988,0.752941,0.254144,0.571134,0.834395,0.328829,0.329268
0.018089,0.575455,1334,2085,1175,2010,2236,1814,2423,2818,2812,1298,3167,2909,1669,2438,,0.665043,0.361548,0.059963,0.338983,0.148630,0.387311,0.605882,0.630988,0.752941,0.253223,0.572165,0.834395,0.329955,0.327834
0.017913,0.593368,1334,2085,1174,2010,2235,1814,2422,2818,2812,1298,3167,2909,1668,2439,,0.665043,0.361548,0.059041,0.338983,0.147945,0.387311,0.604902,0.630988,0.752941,0.253223,0.572165,0.834395,0.328829,0.328551
0.017989,0.611357,1334,2085,1174,2012,2235,1814,2422,2818,2813,1299,3167,2909,1669,2438,,0.665043,0.361548,0.059041,0.341243,0.147945,0.387311,0.604902,0.630988,0.754118,0.254144,0.572165,0.834395,0.329955,0.327834
0.018010,0.629367,1334,2086,1175,2012,2234,1816,2423,2818,2813,1298,3167,2909,1669,2438,,0.665043,0.362757,0.059963,0.341243,0.147260,0.388520,0.605882,0.630988,0.754118,0.253223,0.572165,0.834395,0.329955,0.327834
0.018016,0.647383,1334,2085,1175,2013,2234,1818,2423,2819,2813,1299,3167,2909,1669,2438,,0.665043,0.361548,0.059963,0.342373,0.147260,0.389728,0.605882,0.631737,0.754118,0.254144,0.572165,0.834395,0.329955,0.327834
0.017985,0.665369,1334,2085,1175,2013,2234,1818,2423,2819,2813,1299,3167,2909,1669,2438,,0.665043,0.361548,0.059963,0.342373,0.147260,0.389728,0.605882,0.631737,0.754118,0.254144,0.572165,0.834395,0.329955,0.327834
0.018009,0.683378,1334,2084,1175,2013,2233,1819,2422,2819,2814,1298,3168,2909,1669,2438,,0.665043,0.360339,0.059963,0.342373,0.146575,0.390332,0.604902,0.631737,0.755294,0.253223,0.573196,0.834395,0.329955,0.327834
0.018004,0.701382,1333,2084,1175,2013,2233,1820,2422,2819,2813,1298,3167,2908,1669,2438,,0.663825,0.360339,0.059963,0.342373,0.146575,0.390937,0.604902,0.631737,0.754118,0.253223,0.572165,0.833485,0.329955,0.327834
0.017995,0.719377,1334,2085,1175,2013,2233,1821,2422,2819,2814,1299,3167,2909,1677,2438,,0.665043,0.361548,0.059963,0.342373,0.146575,0.391541,0.604902,0.631737,0.755294,0.254144,0.572165,0.834395,0.338964,0.327834
0.018004,0.737381,1334,2084,1175,2013,2233,1820,2422,2818,2814,1298,3167,2909,1668,2438,,0.665043,0.360339,0.059963,0.342373,0.146575,0.390937,0.604902,0.630988,0.755294,0.253223,0.572165,0.834395,0.328829,0.327834
0.017994,0.755375,1334,2084,1174,2013,2233,1819,2422,2819,2814,1298,3167,2909,1667,2438,,0.665043,0.360339,0.059041,0.342373,0.146575,0.390332,0.604902,0.631737,0.755294,0.253223,0.572165,0.834395,0.327703,0.327834
0.017979,0.773354,1334,2085,1175,2014,2233,1820,2422,2820,2815,1299,3167,2909,1669,2439,,0.665043,0.361548,0.059963,0.343503,0.146575,0.390937,0.604902,0.632485,0.756471,0.254144,0.572165,0.834395,0.329955,0.328551
0.018025,0.791379,1334,2085,1175,2014,2233,1820,2422,2820,2815,1299,3167,2909,1669,2439,,0.665043,0.361548,0.059963,0.343503,0.146575,0.390937,0.604902,0.632485,0.756471,0.254144,0.572165,0.834395,0.329955,0.328551
0.017990,0.809368,1334,2082,1176,2015,2230,1822,2424,2821,2816,1298,3167,2909,1686,2439,,0.665043,0.357920,0.060886,0.344633,0.144521,0.392145,0.606863,0.633234,0.757647,0.253223,0.572165,0.834395,0.349099,0.328551
0.018023,0.827391,1333,2082,1176,2015,2230,1823,2423,2821,2817,1300,3167,2909,1669,2439,,0.663825,0.357920,0.060886,0.344633,0.144521,0.392749,0.605882,0.633234,0.758824,0.255064,0.572165,0.834395,0.329955,0.328551
0.018004,0.845395,1334,2081,1176,2014,2230,1823,2423,2821,2817,1299,3167,2910,1669,2439,,0.665043,0.356711,0.060886,0.343503,0.144521,0.392749,0.605882,0.633234,0.758824,0.254144,0.572165,0.835305,0.329955,0.328551
0.018002,0.863397,1332,2079,1176,2015,2229,1823,2423,2821,2817,1298,3167,2909,1669,2439,,0.662607,0.354293,0.060886,0.344633,0.143836,0.392749,0.605882,0.633234,0.758824,0.253223,0.572165,0.834395,0.329955,0.328551
0.017990,0.881387,1333,2078,1176,2016,2228,1826,2423,2820,2817,1298,3167,2909,1669,2439,,0.663825,0.353083,0.060886,0.345763,0.143151,0.394562,0.605882,0.632485,0.758824,0.253223,0.572165,0.834395,0.329955,0.328551
0.018002,0.899389,1333,2078,1176,2016,2228,1826,2423,2820,2817,1298,3167,2909,1669,2439,,0.663825,0.353083,0.060886,0.345763,0.143151,0.394562,0.605882,0.632485,0.758824,0.253223,0.572165,0.834395,0.329955,0.328551
0.018000,0.917389,1332,2077,1176,2018,2227,1828,2424,2820,2818,1300,3168,2910,1668,2439,,0.662607,0.351874,0.060886,0.348023,0.142466,0.395770,0.606863,0.632485,0.760000,0.255064,0.573196,0.835305,0.328829,0.328551
0.018002,0.935391,1332,2077,1175,2018,2227,1827,2424,2819,2816,1297,3168,2909,1668,2439,,0.662607,0.351874,0.059963,0.348023,0.142466,0.395166,0.606863,0.631737,0.757647,0.252302,0.573196,0.834395,0.328829,0.328551
0.017995,0.953386,1331,2076,1175,2018,2227,1827,2423,2820,2817,1298,3167,2909,1669,2439,,0.661389,0.350665,0.059963,0.348023,0.142466,0.395166,0.605882,0.632485,0.758824,0.253223,0.572165,0.834395,0.329955,0.328551
0.018021,0.971407,1332,2076,1176,2019,2227,1828,2424,2820,2818,1298,3166,2909,1669,2439,,0.662607,0.350665,0.060886,0.349153,0.142466,0.395770,0.606863,0.632485,0.760000,0.253223,0.571134,0.834395,0.329955,0.328551
0.017952,0.989359,1331,2076,1176,2019,2226,1828,2423,2820,2818,1298,3168,2909,1669,2438,,0.661389,0.350665,0.060886,0.349153,0.141781,0.395770,0.605882,0.632485,0.760000,0.253223,0.573196,0.834395,0.329955,0.327834
0.018054,1.007413,1331,2076,1177,2020,2227,1830,2424,2820,2819,1299,3166,2909,1669,2440,,0.661389,0.350665,0.061808,0.350282,0.142466,0.396979,0.606863,0.632485,0.761176,0.254144,0.571134,0.834395,0.329955,0.329268
