GloveManager recording started on 10/20/16 at 16:10:55

,,Glove 1,Glove 1,Glove 1,Glove 1,Glove 1,Glove 1,Glove 1,Glove 1,Glove 1,Glove 1,Glove 1,Glove 1,Glove 1,Glove 1,,Glove 1 Scaled,Glove 1 Scaled,Glove 1 Scaled,Glove 1 Scaled,Glove 1 Scaled,Glove 1 Scaled,Glove 1 Scaled,Glove 1 Scaled,Glove 1 Scaled,Glove 1 Scaled,Glove 1 Scaled,Glove 1 Scaled,Glove 1 Scaled,Glove 1 Scaled
delta time (s), absolute time (s),Thumb Near,Thumb Far,Thumb/Index,Index Near,Index Far,Index/Middle,Middle Near,Middle Far,Middle/Ring,Ring Near,Ring Far,Ring/Little,Little Near,Little Far,,Thumb Near,Thumb Far,Thumb/Index,Index Near,Index Far,Index/Middle,Middle Near,Middle Far,Middle/Ring,Ring Near,Ring Far,Ring/Little,Little Near,Little Far
0.017923,0.017922,1837,2462,1764,2424,2858,2318,2344,2955,2973,1408,3351,2701,2038,2623,,0.999048,0.817412,0.609091,0.806780,0.574658,0.691843,0.528431,0.733533,0.933566,0.354512,0.761856,0.645132,0.745495,0.460545
0.017993,0.035916,1837,2462,1763,2425,2858,2319,2345,2954,2972,1408,3351,2700,2037,2620,,0.999048,0.817412,0.608182,0.807910,0.574658,0.692447,0.529412,0.732784,0.932401,0.354512,0.761856,0.644222,0.744369,0.458393
0.018003,0.053919,1836,2461,1762,2425,2858,2318,2343,2954,2972,1408,3351,2701,2038,2620,,0.998095,0.816203,0.607273,0.807910,0.574658,0.691843,0.527451,0.732784,0.932401,0.354512,0.761856,0.645132,0.745495,0.458393
0.018001,0.071920,1837,2461,1763,2424,2857,2318,2344,2954,2972,1408,3351,2701,2038,2619,,0.999048,0.816203,0.608182,0.806780,0.573973,0.691843,0.528431,0.732784,0.932401,0.354512,0.761856,0.645132,0.745495,0.457676
0.018008,0.089928,1837,2462,1763,2426,2858,2319,2344,2955,2972,1408,3352,2701,2038,2620,,0.999048,0.817412,0.608182,0.809040,0.574658,0.692447,0.528431,0.733533,0.932401,0.354512,0.762887,0.645132,0.745495,0.458393
0.017995,0.107923,1837,2462,1763,2425,2857,2318,2344,2954,2973,1408,3353,2701,2037,2619,,0.999048,0.817412,0.608182,0.807910,0.573973,0.691843,0.528431,0.732784,0.933566,0.354512,0.763918,0.645132,0.744369,0.457676
0.017999,0.125922,1837,2461,1763,2425,2857,2319,2344,2954,2972,1408,3351,2700,2037,2616,,0.999048,0.816203,0.608182,0.807910,0.573973,0.692447,0.528431,0.732784,0.932401,0.354512,0.761856,0.644222,0.744369,0.455524
0.018005,0.143927,1837,2461,1762,2425,2857,2318,2343,2954,2972,1408,3351,2700,2038,2617,,0.999048,0.816203,0.607273,0.807910,0.573973,0.691843,0.527451,0.732784,0.932401,0.354512,0.761856,0.644222,0.745495,0.456241
0.018011,0.161938,1836,2462,1762,2425,2858,2319,2343,2954,2972,1409,3351,2700,2038,2616,,0.998095,0.817412,0.607273,0.807910,0.574658,0.692447,0.527451,0.732784,0.932401,0.355433,0.761856,0.644222,0.745495,0.455524
0.017998,0.179936,1836,2462,1761,2424,2858,2319,2344,2954,2973,1408,3351,2700,2038,2615,,0.998095,0.817412,0.606364,0.806780,0.574658,0.692447,0.528431,0.732784,0.933566,0.354512,0.761856,0.644222,0.745495,0.454806
0.017989,0.197925,1836,2462,1761,2425,2858,2319,2344,2954,2973,1408,3352,2700,2038,2615,,0.998095,0.817412,0.606364,0.807910,0.574658,0.692447,0.528431,0.732784,0.933566,0.354512,0.762887,0.644222,0.745495,0.454806
0.017988,0.215913,1836,2462,1762,2425,2858,2318,2343,2954,2972,1409,3352,2700,2038,2614,,0.998095,0.817412,0.607273,0.807910,0.574658,0.691843,0.527451,0.732784,0.932401,0.355433,0.762887,0.644222,0.745495,0.454089
0.018014,0.233927,1837,2463,1762,2425,2858,2318,2343,2955,2972,1408,3351,2701,2038,2614,,0.999048,0.818622,0.607273,0.807910,0.574658,0.691843,0.527451,0.733533,0.932401,0.354512,0.761856,0.645132,0.745495,0.454089
0.018010,0.251937,1836,2462,1762,2426,2858,2319,2344,2955,2972,1408,3352,2700,2038,2613,,0.998095,0.817412,0.607273,0.809040,0.574658,0.692447,0.528431,0.733533,0.932401,0.354512,0.762887,0.644222,0.745495,0.453372
0.018007,0.269944,1836,2462,1761,2425,2857,2319,2343,2953,2972,1407,3352,2700,2037,2613,,0.998095,0.817412,0.606364,0.807910,0.573973,0.692447,0.527451,0.732036,0.932401,0.353591,0.762887,0.644222,0.744369,0.453372
0.017996,0.287940,1836,2462,1761,2425,2858,2318,2344,2954,2972,1409,3352,2699,2038,2613,,0.998095,0.817412,0.606364,0.807910,0.574658,0.691843,0.528431,0.732784,0.932401,0.355433,0.762887,0.643312,0.745495,0.453372
0.017999,0.305939,1838,2462,1761,2426,2858,2319,2343,2955,2972,1408,3352,2699,2037,2613,,1.000000,0.817412,0.606364,0.809040,0.574658,0.692447,0.527451,0.733533,0.932401,0.354512,0.762887,0.643312,0.744369,0.453372
0.018032,0.323971,1837,2462,1760,2425,2857,2319,2344,2954,2972,1408,3352,2699,2038,2613,,0.999048,0.817412,0.605455,0.807910,0.573973,0.692447,0.528431,0.732784,0.932401,0.354512,0.762887,0.643312,0.745495,0.453372
0.017935,0.341907,1837,2462,1761,2426,2857,2318,2343,2954,2972,1407,3352,2699,2038,2612,,0.999048,0.817412,0.606364,0.809040,0.573973,0.691843,0.527451,0.732784,0.932401,0.353591,0.762887,0.643312,0.745495,0.452654
0.018032,0.359939,1837,2462,1760,2425,2858,2318,2344,2955,2972,1408,3351,2700,2038,2613,,0.999048,0.817412,0.605455,0.807910,0.574658,0.691843,0.528431,0.733533,0.932401,0.354512,0.761856,0.644222,0.745495,0.453372
0.018020,0.377959,1837,2463,1761,2426,2857,2319,2344,2954,2972,1408,3351,2699,2039,2612,,0.999048,0.818622,0.606364,0.809040,0.573973,0.692447,0.528431,0.732784,0.932401,0.354512,0.761856,0.643312,0.746622,0.452654
0.017993,0.395952,1837,2462,1761,2426,2857,2319,2344,2954,2972,1408,3352,2699,2038,2612,,0.999048,0.817412,0.606364,0.809040,0.573973,0.692447,0.528431,0.732784,0.932401,0.354512,0.762887,0.643312,0.745495,0.452654
0.017994,0.413946,1837,2463,1760,2425,2857,2319,2344,2954,2972,1408,3352,2700,2039,2612,,0.999048,0.818622,0.605455,0.807910,0.573973,0.692447,0.528431,0.732784,0.932401,0.354512,0.762887,0.644222,0.746622,0.452654
0.017942,0.431887,1837,2463,1760,2425,2857,2318,2345,2954,2972,1409,3352,2699,2038,2612,,0.999048,0.818622,0.605455,0.807910,0.573973,0.691843,0.529412,0.732784,0.932401,0.355433,0.762887,0.643312,0.745495,0.452654
0.018041,0.449928,1838,2463,1760,2425,2857,2319,2345,2954,2972,1409,3352,2699,2039,2612,,1.000000,0.818622,0.605455,0.807910,0.573973,0.692447,0.529412,0.732784,0.932401,0.355433,0.762887,0.643312,0.746622,0.452654
0.018018,0.467946,1838,2463,1760,2425,2857,2318,2345,2954,2972,1408,3352,2699,2040,2611,,1.000000,0.818622,0.605455,0.807910,0.573973,0.691843,0.529412,0.732784,0.932401,0.354512,0.762887,0.643312,0.747748,0.451937
0.017990,0.485936,1838,2463,1760,2425,2857,2318,2345,2954,2972,1408,3352,2699,2040,2611,,1.000000,0.818622,0.605455,0.807910,0.573973,0.691843,0.529412,0.732784,0.932401,0.354512,0.762887,0.643312,0.747748,0.451937
0.018005,0.503941,1838,2464,1760,2426,2857,2318,2345,2955,2972,1408,3352,2699,2040,2612,,1.000000,0.819831,0.605455,0.809040,0.573973,0.691843,0.529412,0.733533,0.932401,0.354512,0.762887,0.643312,0.747748,0.452654
0.018006,0.521947,1838,2464,1760,2425,2857,2319,2344,2954,2972,1409,3353,2698,2040,2612,,1.000000,0.819831,0.605455,0.807910,0.573973,0.692447,0.528431,0.732784,0.932401,0.355433,0.763918,0.642402,0.747748,0.452654
0.018006,0.539954,1839,2464,1760,2425,2857,2318,2344,2954,2972,1408,3352,2698,2041,2611,,1.000000,0.819831,0.605455,0.807910,0.573973,0.691843,0.528431,0.732784,0.932401,0.354512,0.762887,0.642402,0.748874,0.451937
0.018014,0.557968,1840,2465,1760,2426,2857,2318,2344,2954,2972,1409,3352,2697,2041,2611,,1.000000,0.821040,0.605455,0.809040,0.573973,0.691843,0.528431,0.732784,0.932401,0.355433,0.762887,0.641492,0.748874,0.451937
0.017982,0.575949,1840,2464,1759,2425,2856,2318,2344,2954,2972,1409,3352,2697,2040,2611,,1.000000,0.819831,0.604545,0.807910,0.573288,0.691843,0.528431,0.732784,0.932401,0.355433,0.762887,0.641492,0.747748,0.451937
0.018006,0.593956,1840,2464,1759,2425,2856,2318,2344,2954,2972,1409,3352,2697,2040,2611,,1.000000,0.819831,0.604545,0.807910,0.573288,0.691843,0.528431,0.732784,0.932401,0.355433,0.762887,0.641492,0.747748,0.451937
0.018007,0.611962,1840,2464,1760,2425,2857,2319,2345,2954,2972,1409,3352,2697,2040,2611,,1.000000,0.819831,0.605455,0.807910,0.573973,0.692447,0.529412,0.732784,0.932401,0.355433,0.762887,0.641492,0.747748,0.451937
0.017979,0.629941,1840,2464,1760,2425,2857,2319,2345,2954,2972,1409,3352,2697,2040,2611,,1.000000,0.819831,0.605455,0.807910,0.573973,0.692447,0.529412,0.732784,0.932401,0.355433,0.762887,0.641492,0.747748,0.451937
0.018018,0.647959,1840,2464,1758,2426,2856,2318,2344,2954,2971,1407,3352,2697,2041,2610,,1.000000,0.819831,0.603636,0.809040,0.573288,0.691843,0.528431,0.732784,0.931235,0.353591,0.762887,0.641492,0.748874,0.451219
0.017999,0.665958,1839,2464,1758,2426,2856,2318,2344,2953,2971,1408,3352,2697,2040,2609,,0.999049,0.819831,0.603636,0.809040,0.573288,0.691843,0.528431,0.732036,0.931235,0.354512,0.762887,0.641492,0.747748,0.450502
0.017967,0.683925,1840,2465,1758,2425,2856,2318,2344,2954,2972,1408,3352,2697,2040,2610,,1.000000,0.821040,0.603636,0.807910,0.573288,0.691843,0.528431,0.732784,0.932401,0.354512,0.762887,0.641492,0.747748,0.451219
0.018004,0.701929,1840,2465,1758,2426,2857,2318,2344,2954,2972,1408,3352,2698,2040,2609,,1.000000,0.821040,0.603636,0.809040,0.573973,0.691843,0.528431,0.732784,0.932401,0.354512,0.762887,0.642402,0.747748,0.450502
0.018009,0.719938,1839,2465,1757,2426,2856,2318,2345,2954,2971,1408,3352,2697,2041,2610,,0.999049,0.821040,0.602727,0.809040,0.573288,0.691843,0.529412,0.732784,0.931235,0.354512,0.762887,0.641492,0.748874,0.451219
0.018025,0.737962,1840,2465,1756,2425,2856,2318,2344,2955,2972,1408,3353,2697,2040,2609,,1.000000,0.821040,0.601818,0.807910,0.573288,0.691843,0.528431,0.733533,0.932401,0.354512,0.763918,0.641492,0.747748,0.450502
0.018001,0.755963,1840,2466,1757,2425,2855,2318,2344,2955,2971,1407,3353,2697,2041,2608,,1.000000,0.822249,0.602727,0.807910,0.572603,0.691843,0.528431,0.733533,0.931235,0.353591,0.763918,0.641492,0.748874,0.449785
0.017994,0.773957,1841,2466,1756,2426,2856,2318,2344,2955,2972,1408,3352,2697,2042,2609,,1.000000,0.822249,0.601818,0.809040,0.573288,0.691843,0.528431,0.733533,0.932401,0.354512,0.762887,0.641492,0.750000,0.450502
0.017970,0.791927,1841,2466,1756,2426,2856,2318,2345,2954,2972,1407,3352,2696,2041,2608,,1.000000,0.822249,0.601818,0.809040,0.573288,0.691843,0.529412,0.732784,0.932401,0.353591,0.762887,0.640582,0.748874,0.449785
0.018065,0.809992,1841,2466,1756,2426,2856,2318,2345,2954,2971,1408,3352,2696,2042,2608,,1.000000,0.822249,0.601818,0.809040,0.573288,0.691843,0.529412,0.732784,0.931235,0.354512,0.762887,0.640582,0.750000,0.449785
0.017965,0.827957,1839,2466,1755,2426,2856,2319,2344,2955,2971,1408,3353,2697,2042,2608,,0.998101,0.822249,0.600909,0.809040,0.573288,0.692447,0.528431,0.733533,0.931235,0.354512,0.763918,0.641492,0.750000,0.449785
0.018026,0.845983,1841,2466,1754,2426,2855,2319,2344,2954,2971,1408,3352,2696,2040,2607,,1.000000,0.822249,0.600000,0.809040,0.572603,0.692447,0.528431,0.732784,0.931235,0.354512,0.762887,0.640582,0.747748,0.449067
0.017976,0.863959,1840,2466,1754,2426,2855,2318,2344,2953,2972,1407,3352,2695,2041,2607,,0.999050,0.822249,0.600000,0.809040,0.572603,0.691843,0.528431,0.732036,0.932401,0.353591,0.762887,0.639672,0.748874,0.449067
0.018002,0.881961,1840,2467,1754,2426,2855,2318,2344,2954,2971,1408,3352,2696,2040,2608,,0.999050,0.823458,0.600000,0.809040,0.572603,0.691843,0.528431,0.732784,0.931235,0.354512,0.762887,0.640582,0.747748,0.449785
0.017999,0.899960,1841,2467,1754,2426,2855,2318,2344,2954,2971,1408,3352,2696,2041,2607,,1.000000,0.823458,0.600000,0.809040,0.572603,0.691843,0.528431,0.732784,0.931235,0.354512,0.762887,0.640582,0.748874,0.449067
0.018003,0.917963,1841,2467,1753,2425,2855,2318,2345,2955,2971,1407,3352,2696,2041,2607,,1.000000,0.823458,0.599091,0.807910,0.572603,0.691843,0.529412,0.733533,0.931235,0.353591,0.762887,0.640582,0.748874,0.449067
0.017997,0.935960,1840,2467,1753,2425,2856,2318,2344,2954,2971,1407,3352,2696,2042,2607,,0.999050,0.823458,0.599091,0.807910,0.573288,0.691843,0.528431,0.732784,0.931235,0.353591,0.762887,0.640582,0.750000,0.449067
0.017982,0.953942,1841,2467,1753,2426,2855,2318,2345,2954,2971,1407,3352,2696,2041,2606,,1.000000,0.823458,0.599091,0.809040,0.572603,0.691843,0.529412,0.732784,0.931235,0.353591,0.762887,0.640582,0.748874,0.448350
0.018037,0.971979,1840,2467,1753,2425,2855,2319,2344,2954,2971,1407,3352,2696,2042,2608,,0.999050,0.823458,0.599091,0.807910,0.572603,0.692447,0.528431,0.732784,0.931235,0.353591,0.762887,0.640582,0.750000,0.449785
0.017985,0.989963,1841,2468,1753,2426,2855,2318,2344,2954,2971,1408,3352,2696,2042,2607,,1.000000,0.824667,0.599091,0.809040,0.572603,0.691843,0.528431,0.732784,0.931235,0.354512,0.762887,0.640582,0.750000,0.449067
0.018001,1.007965,1841,2468,1752,2426,2854,2319,2344,2953,2971,1408,3352,2696,2042,2607,,1.000000,0.824667,0.598182,0.809040,0.571918,0.692447,0.528431,0.732036,0.931235,0.354512,0.762887,0.640582,0.750000,0.449067
0.018007,1.025972,1841,2468,1752,2426,2854,2318,2345,2954,2971,1408,3352,2695,2042,2606,,1.000000,0.824667,0.598182,0.809040,0.571918,0.691843,0.529412,0.732784,0.931235,0.354512,0.762887,0.639672,0.750000,0.448350
0.017996,1.043967,1841,2468,1752,2426,2854,2318,2345,2954,2971,1407,3352,2696,2042,2606,,1.000000,0.824667,0.598182,0.809040,0.571918,0.691843,0.529412,0.732784,0.931235,0.353591,0.762887,0.640582,0.750000,0.448350
