GloveManager recording started on 10/20/16 at 16:11:06

,,Glove 1,Glove 1,Glove 1,Glove 1,Glove 1,Glove 1,Glove 1,Glove 1,Glove 1,Glove 1,Glove 1,Glove 1,Glove 1,Glove 1,,Glove 1 Scaled,Glove 1 Scaled,Glove 1 Scaled,Glove 1 Scaled,Glove 1 Scaled,Glove 1 Scaled,Glove 1 Scaled,Glove 1 Scaled,Glove 1 Scaled,Glove 1 Scaled,Glove 1 Scaled,Glove 1 Scaled,Glove 1 Scaled,Glove 1 Scaled
delta time (s), absolute time (s),Thumb Near,Thumb Far,Thumb/Index,Index Near,Index Far,Index/Middle,Middle Near,Middle Far,Middle/Ring,Ring Near,Ring Far,Ring/Little,Little Near,Little Far,,Thumb Near,Thumb Far,Thumb/Index,Index Near,Index Far,Index/Middle,Middle Near,Middle Far,Middle/Ring,Ring Near,Ring Far,Ring/Little,Little Near,Little Far
0.017382,0.017382,1550,2126,1137,2289,2831,2278,2206,2834,2964,1253,3174,2892,1720,2390,,0.722960,0.411125,0.038182,0.655367,0.556849,0.667674,0.393137,0.643713,0.923077,0.211786,0.580412,0.818926,0.387387,0.294118
0.018003,0.035384,1550,2125,1137,2290,2833,2279,2207,2834,2965,1253,3175,2893,1722,2390,,0.722960,0.409915,0.039091,0.655367,0.557534,0.668278,0.394118,0.642964,0.924242,0.211786,0.580412,0.819836,0.389640,0.293400
0.018015,0.053400,1550,2125,1137,2290,2833,2279,2207,2834,2965,1253,3175,2893,1722,2390,,0.722960,0.409915,0.039091,0.655367,0.557534,0.668278,0.394118,0.642964,0.924242,0.211786,0.580412,0.819836,0.389640,0.293400
0.017988,0.071388,1550,2126,1137,2290,2834,2279,2206,2835,2965,1253,3175,2893,1721,2390,,0.722960,0.411125,0.039091,0.655367,0.558219,0.668278,0.393137,0.643713,0.924242,0.211786,0.580412,0.819836,0.388514,0.293400
0.018015,0.089403,1550,2126,1138,2290,2835,2279,2204,2836,2964,1252,3175,2892,1721,2389,,0.722960,0.411125,0.040000,0.655367,0.558904,0.668278,0.391176,0.644461,0.923077,0.210866,0.580412,0.818926,0.388514,0.292683
0.017999,0.107402,1549,2125,1137,2289,2835,2280,2204,2836,2965,1252,3175,2893,1720,2390,,0.722011,0.409915,0.039091,0.654237,0.558904,0.668882,0.391176,0.644461,0.924242,0.210866,0.580412,0.819836,0.387387,0.293400
0.017957,0.125359,1549,2125,1137,2289,2835,2280,2204,2836,2965,1252,3175,2893,1720,2390,,0.722011,0.409915,0.039091,0.654237,0.558904,0.668882,0.391176,0.644461,0.924242,0.210866,0.580412,0.819836,0.387387,0.293400
0.018023,0.143382,1549,2124,1138,2289,2835,2280,2202,2836,2964,1251,3175,2892,1720,2390,,0.722011,0.408706,0.040000,0.654237,0.558904,0.668882,0.389216,0.644461,0.923077,0.209945,0.580412,0.818926,0.387387,0.293400
0.018041,0.161424,1547,2123,1139,2288,2834,2279,2202,2836,2965,1250,3175,2892,1720,2390,,0.720114,0.407497,0.040909,0.653107,0.558219,0.668278,0.389216,0.644461,0.924242,0.209024,0.580412,0.818926,0.387387,0.293400
0.017967,0.179391,1547,2123,1139,2288,2834,2279,2201,2836,2965,1250,3175,2893,1721,2390,,0.720114,0.407497,0.040909,0.653107,0.558219,0.668278,0.388235,0.644461,0.924242,0.209024,0.580412,0.819836,0.388514,0.293400
0.017982,0.197372,1547,2122,1139,2287,2835,2279,2202,2836,2965,1250,3176,2892,1721,2390,,0.720114,0.406288,0.040909,0.651977,0.558904,0.668278,0.389216,0.644461,0.924242,0.209024,0.581443,0.818926,0.388514,0.293400
0.018047,0.215419,1548,2122,1138,2288,2836,2279,2200,2837,2965,1250,3176,2893,1720,2390,,0.721063,0.406288,0.040000,0.653107,0.559589,0.668278,0.387255,0.645210,0.924242,0.209024,0.581443,0.819836,0.387387,0.293400
0.017983,0.233402,1548,2123,1139,2288,2838,2280,2201,2838,2964,1251,3175,2893,1721,2390,,0.721063,0.407497,0.040909,0.653107,0.560959,0.668882,0.388235,0.645958,0.923077,0.209945,0.580412,0.819836,0.388514,0.293400
0.018002,0.251404,1548,2124,1139,2288,2837,2279,2200,2838,2965,1250,3176,2892,1720,2390,,0.721063,0.408706,0.040909,0.653107,0.560274,0.668278,0.387255,0.645958,0.924242,0.209024,0.581443,0.818926,0.387387,0.293400
0.017968,0.269372,1548,2124,1140,2289,2838,2279,2200,2839,2964,1250,3175,2893,1721,2392,,0.721063,0.408706,0.041818,0.654237,0.560959,0.668278,0.387255,0.646707,0.923077,0.209024,0.580412,0.819836,0.388514,0.294835
0.018031,0.287402,1549,2124,1140,2289,2839,2279,2200,2839,2965,1250,3176,2893,1720,2391,,0.722011,0.408706,0.041818,0.654237,0.561644,0.668278,0.387255,0.646707,0.924242,0.209024,0.581443,0.819836,0.387387,0.294118
0.018005,0.305407,1549,2125,1140,2289,2840,2279,2200,2840,2965,1249,3176,2893,1719,2391,,0.722011,0.409915,0.041818,0.654237,0.562329,0.668278,0.387255,0.647455,0.924242,0.208103,0.581443,0.819836,0.386261,0.294118
0.018000,0.323407,1550,2126,1141,2289,2840,2279,2200,2840,2965,1250,3175,2892,1720,2392,,0.722960,0.411125,0.042727,0.654237,0.562329,0.668278,0.387255,0.647455,0.924242,0.209024,0.580412,0.818926,0.387387,0.294835
0.017991,0.341398,1549,2125,1140,2289,2841,2279,2200,2841,2965,1249,3176,2893,1719,2391,,0.722011,0.409915,0.041818,0.654237,0.563014,0.668278,0.387255,0.648204,0.924242,0.208103,0.581443,0.819836,0.386261,0.294118
0.017979,0.359377,1549,2126,1140,2289,2840,2279,2199,2841,2964,1250,3176,2894,1719,2391,,0.722011,0.411125,0.041818,0.654237,0.562329,0.668278,0.386275,0.648204,0.923077,0.209024,0.581443,0.820746,0.386261,0.294118
0.018020,0.377397,1549,2127,1142,2289,2839,2279,2199,2843,2964,1250,3177,2893,1720,2392,,0.722011,0.412334,0.043636,0.654237,0.561644,0.668278,0.386275,0.649701,0.923077,0.209024,0.582474,0.819836,0.387387,0.294835
0.018004,0.395402,1549,2126,1142,2289,2841,2279,2199,2842,2965,1249,3177,2893,1719,2391,,0.722011,0.411125,0.043636,0.654237,0.563014,0.668278,0.386275,0.648952,0.924242,0.208103,0.582474,0.819836,0.386261,0.294118
0.018002,0.413404,1550,2127,1141,2290,2841,2280,2199,2843,2965,1250,3177,2892,1720,2391,,0.722960,0.412334,0.042727,0.655367,0.563014,0.668882,0.386275,0.649701,0.924242,0.209024,0.582474,0.818926,0.387387,0.294118
0.017997,0.431402,1549,2127,1141,2289,2840,2279,2198,2843,2965,1249,3176,2892,1719,2392,,0.722011,0.412334,0.042727,0.654237,0.562329,0.668278,0.385294,0.649701,0.924242,0.208103,0.581443,0.818926,0.386261,0.294835
0.018014,0.449416,1549,2127,1142,2289,2839,2279,2198,2843,2965,1250,3176,2893,1720,2392,,0.722011,0.412334,0.043636,0.654237,0.561644,0.668278,0.385294,0.649701,0.924242,0.209024,0.581443,0.819836,0.387387,0.294835
0.017997,0.467413,1548,2126,1143,2290,2840,2280,2197,2843,2965,1250,3177,2894,1719,2392,,0.721063,0.411125,0.044545,0.655367,0.562329,0.668882,0.384314,0.649701,0.924242,0.209024,0.582474,0.820746,0.386261,0.294835
0.018025,0.485438,1548,2125,1144,2289,2840,2280,2197,2843,2965,1250,3176,2893,1720,2392,,0.721063,0.409915,0.045455,0.654237,0.562329,0.668882,0.384314,0.649701,0.924242,0.209024,0.581443,0.819836,0.387387,0.294835
0.018001,0.503438,1548,2125,1144,2289,2840,2280,2197,2843,2965,1250,3176,2893,1720,2392,,0.721063,0.409915,0.045455,0.654237,0.562329,0.668882,0.384314,0.649701,0.924242,0.209024,0.581443,0.819836,0.387387,0.294835
0.017966,0.521404,1547,2126,1144,2289,2839,2280,2196,2844,2965,1249,3177,2892,1719,2392,,0.720114,0.411125,0.045455,0.654237,0.561644,0.668882,0.383333,0.650449,0.924242,0.208103,0.582474,0.818926,0.386261,0.294835
0.018000,0.539405,1546,2125,1144,2288,2839,2279,2195,2844,2965,1249,3176,2892,1719,2392,,0.719165,0.409915,0.045455,0.653107,0.561644,0.668278,0.382353,0.650449,0.924242,0.208103,0.581443,0.818926,0.386261,0.294835
0.018037,0.557441,1546,2125,1144,2289,2839,2279,2196,2845,2965,1249,3176,2892,1719,2392,,0.719165,0.409915,0.045455,0.654237,0.561644,0.668278,0.383333,0.651198,0.924242,0.208103,0.581443,0.818926,0.386261,0.294835
0.017970,0.575411,1546,2126,1144,2288,2839,2279,2196,2845,2964,1249,3176,2892,1718,2392,,0.719165,0.411125,0.045455,0.653107,0.561644,0.668278,0.383333,0.651198,0.923077,0.208103,0.581443,0.818926,0.385135,0.294835
0.018026,0.593437,1547,2127,1145,2289,2840,2279,2195,2845,2965,1249,3177,2892,1719,2392,,0.720114,0.412334,0.046364,0.654237,0.562329,0.668278,0.382353,0.651198,0.924242,0.208103,0.582474,0.818926,0.386261,0.294835
0.017970,0.611407,1547,2127,1144,2289,2840,2280,2197,2846,2965,1250,3177,2892,1718,2392,,0.720114,0.412334,0.045455,0.654237,0.562329,0.668882,0.384314,0.651946,0.924242,0.209024,0.582474,0.818926,0.385135,0.294835
0.018025,0.629433,1547,2128,1144,2289,2841,2279,2196,2847,2965,1249,3177,2891,1718,2393,,0.720114,0.413543,0.045455,0.654237,0.563014,0.668278,0.383333,0.652695,0.924242,0.208103,0.582474,0.818016,0.385135,0.295552
0.017987,0.647420,1547,2128,1144,2289,2841,2279,2196,2847,2965,1249,3177,2891,1718,2393,,0.720114,0.413543,0.045455,0.654237,0.563014,0.668278,0.383333,0.652695,0.924242,0.208103,0.582474,0.818016,0.385135,0.295552
0.017994,0.665414,1548,2128,1144,2288,2841,2279,2197,2847,2965,1250,3177,2891,1719,2392,,0.721063,0.413543,0.045455,0.653107,0.563014,0.668278,0.384314,0.652695,0.924242,0.209024,0.582474,0.818016,0.386261,0.294835
0.017999,0.683413,1547,2127,1144,2288,2840,2279,2196,2847,2965,1250,3177,2891,1718,2392,,0.720114,0.412334,0.045455,0.653107,0.562329,0.668278,0.383333,0.652695,0.924242,0.209024,0.582474,0.818016,0.385135,0.294835
0.018023,0.701436,1549,2129,1144,2289,2841,2279,2197,2847,2965,1250,3176,2891,1719,2392,,0.722011,0.414752,0.045455,0.654237,0.563014,0.668278,0.384314,0.652695,0.924242,0.209024,0.581443,0.818016,0.386261,0.294835
0.017981,0.719417,1548,2130,1143,2289,2842,2280,2197,2847,2966,1251,3176,2892,1719,2391,,0.721063,0.415961,0.044545,0.654237,0.563699,0.668882,0.384314,0.652695,0.925408,0.209945,0.581443,0.818926,0.386261,0.294118
0.017977,0.737394,1549,2131,1145,2289,2842,2280,2197,2847,2965,1251,3176,2892,1719,2392,,0.722011,0.417170,0.046364,0.654237,0.563699,0.668882,0.384314,0.652695,0.924242,0.209945,0.581443,0.818926,0.386261,0.294835
0.018025,0.755419,1549,2130,1143,2288,2842,2280,2197,2846,2965,1250,3176,2891,1717,2392,,0.722011,0.415961,0.044545,0.653107,0.563699,0.668882,0.384314,0.651946,0.924242,0.209024,0.581443,0.818016,0.384009,0.294835
0.018012,0.773431,1549,2130,1144,2288,2841,2279,2196,2848,2966,1250,3176,2891,1718,2392,,0.722011,0.415961,0.045455,0.653107,0.563014,0.668278,0.383333,0.653443,0.925408,0.209024,0.581443,0.818016,0.385135,0.294835
0.017991,0.791423,1550,2131,1144,2288,2841,2279,2197,2848,2965,1251,3177,2891,1718,2392,,0.722960,0.417170,0.045455,0.653107,0.563014,0.668278,0.384314,0.653443,0.924242,0.209945,0.582474,0.818016,0.385135,0.294835
0.018016,0.809438,1549,2131,1144,2288,2842,2279,2196,2848,2965,1251,3176,2890,1717,2392,,0.722011,0.417170,0.045455,0.653107,0.563699,0.668278,0.383333,0.653443,0.924242,0.209945,0.581443,0.817106,0.384009,0.294835
0.017996,0.827434,1549,2131,1144,2288,2842,2279,2197,2848,2966,1251,3175,2892,1718,2392,,0.722011,0.417170,0.045455,0.653107,0.563699,0.668278,0.384314,0.653443,0.925408,0.209945,0.580412,0.818926,0.385135,0.294835
0.017993,0.845427,1549,2131,1144,2289,2843,2279,2197,2849,2966,1251,3176,2892,1717,2391,,0.722011,0.417170,0.045455,0.654237,0.564384,0.668278,0.384314,0.654192,0.925408,0.209945,0.581443,0.818926,0.384009,0.294118
0.017979,0.863406,1549,2131,1144,2289,2842,2279,2197,2849,2965,1251,3176,2892,1717,2392,,0.722011,0.417170,0.045455,0.654237,0.563699,0.668278,0.384314,0.654192,0.924242,0.209945,0.581443,0.818926,0.384009,0.294835
0.018021,0.881426,1550,2132,1143,2288,2842,2279,2196,2848,2966,1251,3176,2891,1718,2392,,0.722960,0.418380,0.044545,0.653107,0.563699,0.668278,0.383333,0.653443,0.925408,0.209945,0.581443,0.818016,0.385135,0.294835
0.017999,0.899426,1549,2131,1144,2289,2843,2279,2197,2849,2966,1251,3176,2892,1717,2391,,0.722011,0.417170,0.045455,0.654237,0.564384,0.668278,0.384314,0.654192,0.925408,0.209945,0.581443,0.818926,0.384009,0.294118
0.017998,0.917424,1550,2132,1144,2289,2842,2279,2198,2849,2965,1252,3176,2892,1717,2392,,0.722960,0.418380,0.045455,0.654237,0.563699,0.668278,0.385294,0.654192,0.924242,0.210866,0.581443,0.818926,0.384009,0.294835
0.018037,0.935461,1549,2132,1144,2289,2843,2279,2197,2848,2965,1252,3176,2892,1717,2392,,0.722011,0.418380,0.045455,0.654237,0.564384,0.668278,0.384314,0.653443,0.924242,0.210866,0.581443,0.818926,0.384009,0.294835
0.017970,0.953431,1549,2132,1145,2289,2843,2278,2197,2848,2965,1252,3176,2893,1717,2392,,0.722011,0.418380,0.046364,0.654237,0.564384,0.667674,0.384314,0.653443,0.924242,0.210866,0.581443,0.819836,0.384009,0.294835
0.017976,0.971406,1549,2132,1144,2289,2843,2279,2197,2849,2966,1252,3175,2892,1718,2393,,0.722011,0.418380,0.045455,0.654237,0.564384,0.668278,0.384314,0.654192,0.925408,0.210866,0.580412,0.818926,0.385135,0.295552
0.018028,0.989434,1550,2133,1144,2289,2842,2278,2197,2850,2966,1252,3176,2892,1717,2393,,0.722960,0.419589,0.045455,0.654237,0.563699,0.667674,0.384314,0.654940,0.925408,0.210866,0.581443,0.818926,0.384009,0.295552
