GloveManager recording started on 10/20/16 at 16:11:20

,,Glove 1,Glove 1,Glove 1,Glove 1,Glove 1,Glove 1,Glove 1,Glove 1,Glove 1,Glove 1,Glove 1,Glove 1,Glove 1,Glove 1,,Glove 1 Scaled,Glove 1 Scaled,Glove 1 Scaled,Glove 1 Scaled,Glove 1 Scaled,Glove 1 Scaled,Glove 1 Scaled,Glove 1 Scaled,Glove 1 Scaled,Glove 1 Scaled,Glove 1 Scaled,Glove 1 Scaled,Glove 1 Scaled,Glove 1 Scaled
delta time (s), absolute time (s),Thumb Near,Thumb Far,Thumb/Index,Index Near,Index Far,Index/Middle,Middle Near,Middle Far,Middle/Ring,Ring Near,Ring Far,Ring/Little,Little Near,Little Far,,Thumb Near,Thumb Far,Thumb/Index,Index Near,Index Far,Index/Middle,Middle Near,Middle Far,Middle/Ring,Ring Near,Ring Far,Ring/Little,Little Near,Little Far
0.017537,0.017536,1288,1847,1282,2302,2213,2245,2353,3106,2942,1516,3415,2913,1956,2896,,0.474383,0.073761,0.170909,0.668927,0.132877,0.647734,0.537255,0.846557,0.897436,0.453959,0.827835,0.838035,0.653153,0.656385
0.018005,0.035541,1287,1847,1280,2303,2214,2245,2353,3105,2942,1516,3414,2913,1956,2896,,0.473435,0.073761,0.169091,0.670057,0.133562,0.647734,0.537255,0.845808,0.897436,0.453959,0.826804,0.838035,0.653153,0.656385
0.018008,0.053549,1287,1846,1281,2304,2214,2245,2353,3104,2942,1515,3414,2913,1955,2896,,0.473435,0.072551,0.170000,0.671186,0.133562,0.647734,0.537255,0.845060,0.897436,0.453039,0.826804,0.838035,0.652027,0.656385
0.017994,0.071543,1286,1847,1281,2303,2215,2244,2353,3104,2942,1516,3414,2913,1955,2895,,0.472486,0.073761,0.170000,0.670057,0.134247,0.647130,0.537255,0.845060,0.897436,0.453959,0.826804,0.838035,0.652027,0.655667
0.017970,0.089514,1286,1847,1279,2303,2214,2243,2353,3104,2942,1514,3414,2913,1954,2895,,0.472486,0.073761,0.168182,0.670057,0.133562,0.646526,0.537255,0.845060,0.897436,0.452118,0.826804,0.838035,0.650901,0.655667
0.018024,0.107538,1285,1847,1280,2303,2215,2243,2352,3104,2942,1515,3414,2913,1954,2895,,0.471537,0.073761,0.169091,0.670057,0.134247,0.646526,0.536274,0.845060,0.897436,0.453039,0.826804,0.838035,0.650901,0.655667
0.018002,0.125540,1285,1846,1279,2303,2213,2245,2352,3104,2942,1514,3414,2914,1955,2896,,0.471537,0.072551,0.168182,0.670057,0.132877,0.647734,0.536274,0.845060,0.897436,0.452118,0.826804,0.838944,0.652027,0.656385
0.017996,0.143536,1284,1846,1281,2303,2214,2244,2353,3104,2940,1515,3413,2913,1954,2895,,0.470588,0.072551,0.170000,0.670057,0.133562,0.647130,0.537255,0.845060,0.895105,0.453039,0.825773,0.838035,0.650901,0.655667
0.017988,0.161524,1284,1846,1281,2303,2214,2244,2353,3104,2940,1515,3413,2913,1954,2895,,0.470588,0.072551,0.170000,0.670057,0.133562,0.647130,0.537255,0.845060,0.895105,0.453039,0.825773,0.838035,0.650901,0.655667
0.018017,0.179541,1284,1846,1281,2304,2213,2246,2353,3103,2942,1514,3413,2913,1954,2895,,0.470588,0.072551,0.170000,0.671186,0.132877,0.648338,0.537255,0.844311,0.897436,0.452118,0.825773,0.838035,0.650901,0.655667
0.017998,0.197539,1283,1846,1282,2304,2213,2245,2352,3103,2942,1514,3413,2913,1954,2895,,0.469639,0.072551,0.170909,0.671186,0.132877,0.647734,0.536274,0.844311,0.897436,0.452118,0.825773,0.838035,0.650901,0.655667
0.018002,0.215541,1283,1845,1283,2304,2214,2245,2353,3103,2942,1513,3413,2914,1955,2895,,0.469639,0.071342,0.171818,0.671186,0.133562,0.647734,0.537255,0.844311,0.897436,0.451197,0.825773,0.838944,0.652027,0.655667
0.018005,0.233546,1283,1844,1283,2304,2214,2245,2353,3103,2942,1513,3413,2913,1954,2895,,0.469639,0.070133,0.171818,0.671186,0.133562,0.647734,0.537255,0.844311,0.897436,0.451197,0.825773,0.838035,0.650901,0.655667
0.018005,0.251551,1283,1845,1283,2304,2213,2245,2352,3102,2942,1514,3413,2914,1954,2895,,0.469639,0.071342,0.171818,0.671186,0.132877,0.647734,0.536274,0.843563,0.897436,0.452118,0.825773,0.838944,0.650901,0.655667
0.017994,0.269545,1282,1844,1282,2304,2214,2244,2352,3102,2943,1513,3413,2913,1953,2895,,0.468691,0.070133,0.170909,0.671186,0.133562,0.647130,0.536274,0.843563,0.898601,0.451197,0.825773,0.838035,0.649775,0.655667
0.018003,0.287548,1281,1845,1283,2304,2213,2245,2352,3102,2942,1514,3412,2914,1953,2895,,0.467742,0.071342,0.171818,0.671186,0.132877,0.647734,0.536274,0.843563,0.897436,0.452118,0.824742,0.838944,0.649775,0.655667
0.017998,0.305546,1281,1845,1283,2304,2213,2245,2352,3101,2941,1512,3413,2913,1953,2894,,0.467742,0.071342,0.171818,0.671186,0.132877,0.647734,0.536274,0.842814,0.896270,0.450276,0.825773,0.838035,0.649775,0.654950
0.018010,0.323556,1281,1844,1283,2303,2213,2245,2353,3100,2942,1513,3413,2914,1954,2893,,0.467742,0.070133,0.171818,0.670057,0.132877,0.647734,0.537255,0.842066,0.897436,0.451197,0.825773,0.838944,0.650901,0.654232
0.017990,0.341546,1281,1844,1283,2304,2214,2246,2352,3100,2942,1512,3412,2913,1952,2894,,0.467742,0.070133,0.171818,0.671186,0.133562,0.648338,0.536274,0.842066,0.897436,0.450276,0.824742,0.838035,0.648649,0.654950
0.018003,0.359549,1281,1844,1283,2304,2214,2246,2352,3100,2942,1512,3412,2913,1952,2894,,0.467742,0.070133,0.171818,0.671186,0.133562,0.648338,0.536274,0.842066,0.897436,0.450276,0.824742,0.838035,0.648649,0.654950
0.017998,0.377547,1280,1844,1284,2303,2214,2245,2351,3100,2942,1511,3413,2913,1952,2894,,0.465844,0.070133,0.172727,0.670057,0.133562,0.647734,0.535294,0.842066,0.897436,0.449355,0.825773,0.838035,0.648649,0.654950
0.017993,0.395540,1280,1844,1284,2303,2214,2245,2351,3100,2942,1512,3412,2913,1952,2894,,0.466793,0.070133,0.172727,0.670057,0.133562,0.647734,0.535294,0.842066,0.897436,0.450276,0.824742,0.838035,0.648649,0.654950
0.017991,0.413530,1281,1845,1285,2304,2213,2246,2352,3100,2942,1511,3412,2913,1952,2893,,0.467742,0.071342,0.173636,0.671186,0.132877,0.648338,0.536274,0.842066,0.897436,0.449355,0.824742,0.838035,0.648649,0.654232
0.018022,0.431552,1280,1844,1285,2303,2214,2246,2351,3099,2942,1511,3412,2914,1951,2893,,0.466793,0.070133,0.173636,0.670057,0.133562,0.648338,0.535294,0.841317,0.897436,0.449355,0.824742,0.838944,0.647523,0.654232
0.018003,0.449555,1280,1844,1286,2304,2214,2246,2351,3099,2942,1512,3413,2913,1951,2894,,0.466793,0.070133,0.174545,0.671186,0.133562,0.648338,0.535294,0.841317,0.897436,0.450276,0.825773,0.838035,0.647523,0.654950
0.017999,0.467554,1280,1844,1285,2303,2213,2246,2351,3100,2942,1512,3412,2914,1951,2893,,0.466793,0.070133,0.173636,0.670057,0.132877,0.648338,0.535294,0.842066,0.897436,0.450276,0.824742,0.838944,0.647523,0.654232
0.018001,0.485555,1279,1844,1285,2304,2214,2246,2351,3099,2942,1511,3411,2913,1951,2893,,0.465844,0.070133,0.173636,0.671186,0.133562,0.648338,0.535294,0.841317,0.897436,0.449355,0.823711,0.838035,0.647523,0.654232
0.018005,0.503560,1279,1844,1284,2304,2213,2245,2350,3100,2943,1512,3412,2914,1951,2893,,0.465844,0.070133,0.172727,0.671186,0.132877,0.647734,0.534314,0.842066,0.898601,0.450276,0.824742,0.838944,0.647523,0.654232
0.018004,0.521563,1279,1844,1285,2304,2213,2246,2350,3099,2943,1511,3412,2913,1951,2893,,0.465844,0.070133,0.173636,0.671186,0.132877,0.648338,0.534314,0.841317,0.898601,0.449355,0.824742,0.838035,0.647523,0.654232
0.017973,0.539536,1278,1844,1285,2304,2213,2246,2351,3100,2942,1510,3411,2913,1950,2893,,0.464896,0.070133,0.173636,0.671186,0.132877,0.648338,0.535294,0.842066,0.897436,0.448435,0.823711,0.838035,0.646396,0.654232
0.018006,0.557542,1278,1844,1285,2304,2213,2246,2350,3099,2942,1510,3412,2914,1951,2893,,0.464896,0.070133,0.173636,0.671186,0.132877,0.648338,0.534314,0.841317,0.897436,0.448435,0.824742,0.838944,0.647523,0.654232
0.018018,0.575560,1278,1844,1286,2304,2213,2246,2350,3099,2943,1511,3411,2913,1951,2892,,0.464896,0.070133,0.174545,0.671186,0.132877,0.648338,0.534314,0.841317,0.898601,0.449355,0.823711,0.838035,0.647523,0.653515
0.017999,0.593559,1278,1844,1286,2304,2212,2246,2350,3099,2942,1509,3412,2913,1949,2893,,0.464896,0.070133,0.174545,0.671186,0.132192,0.648338,0.534314,0.841317,0.897436,0.447514,0.824742,0.838035,0.645270,0.654232
0.018002,0.611562,1278,1843,1286,2304,2212,2246,2349,3099,2942,1509,3411,2914,1949,2892,,0.464896,0.068924,0.174545,0.671186,0.132192,0.648338,0.533333,0.841317,0.897436,0.447514,0.823711,0.838944,0.645270,0.653515
0.018004,0.629566,1278,1843,1286,2304,2212,2246,2349,3099,2942,1509,3411,2914,1949,2892,,0.464896,0.068924,0.174545,0.671186,0.132192,0.648338,0.533333,0.841317,0.897436,0.447514,0.823711,0.838944,0.645270,0.653515
0.017979,0.647544,1278,1844,1286,2304,2212,2246,2349,3098,2942,1509,3411,2914,1950,2893,,0.464896,0.070133,0.174545,0.671186,0.132192,0.648338,0.533333,0.840569,0.897436,0.447514,0.823711,0.838944,0.646396,0.654232
0.018021,0.665565,1278,1844,1286,2304,2213,2247,2350,3098,2942,1509,3411,2914,1949,2892,,0.464896,0.070133,0.174545,0.671186,0.132877,0.648943,0.534314,0.840569,0.897436,0.447514,0.823711,0.838944,0.645270,0.653515
0.018013,0.683579,1278,1843,1286,2305,2214,2247,2350,3099,2943,1510,3412,2914,1950,2892,,0.464896,0.068924,0.174545,0.672316,0.133562,0.648943,0.534314,0.841317,0.898601,0.448435,0.824742,0.838944,0.646396,0.653515
0.017987,0.701566,1278,1843,1286,2305,2214,2247,2350,3099,2943,1510,3412,2914,1950,2892,,0.464896,0.068924,0.174545,0.672316,0.133562,0.648943,0.534314,0.841317,0.898601,0.448435,0.824742,0.838944,0.646396,0.653515
0.018001,0.719567,1277,1844,1286,2305,2213,2247,2350,3099,2943,1509,3412,2914,1949,2892,,0.463947,0.070133,0.174545,0.672316,0.132877,0.648943,0.534314,0.841317,0.898601,0.447514,0.824742,0.838944,0.645270,0.653515
0.018000,0.737567,1276,1843,1287,2305,2213,2247,2350,3099,2942,1508,3411,2914,1949,2892,,0.462998,0.068924,0.175455,0.672316,0.132877,0.648943,0.534314,0.841317,0.897436,0.446593,0.823711,0.838944,0.645270,0.653515
0.018002,0.755569,1276,1843,1287,2305,2213,2247,2350,3098,2942,1509,3412,2914,1949,2892,,0.462998,0.068924,0.175455,0.672316,0.132877,0.648943,0.534314,0.840569,0.897436,0.447514,0.824742,0.838944,0.645270,0.653515
0.018005,0.773574,1276,1842,1286,2304,2213,2247,2350,3098,2942,1508,3411,2914,1948,2891,,0.462998,0.067715,0.174545,0.671186,0.132877,0.648943,0.534314,0.840569,0.897436,0.446593,0.823711,0.838944,0.644144,0.652798
0.017997,0.791571,1276,1843,1285,2305,2213,2247,2350,3098,2943,1509,3412,2914,1949,2891,,0.462998,0.068924,0.173636,0.672316,0.132877,0.648943,0.534314,0.840569,0.898601,0.447514,0.824742,0.838944,0.645270,0.652798
0.018002,0.809573,1275,1843,1286,2305,2213,2247,2349,3099,2943,1509,3411,2914,1948,2892,,0.462049,0.068924,0.174545,0.672316,0.132877,0.648943,0.533333,0.841317,0.898601,0.447514,0.823711,0.838944,0.644144,0.653515
0.017999,0.827573,1275,1842,1286,2305,2212,2248,2349,3098,2943,1508,3411,2915,1949,2891,,0.462049,0.067715,0.174545,0.672316,0.132192,0.649547,0.533333,0.840569,0.898601,0.446593,0.823711,0.839854,0.645270,0.652798
0.018000,0.845573,1275,1843,1285,2305,2213,2248,2350,3098,2942,1508,3411,2914,1948,2891,,0.462049,0.068924,0.173636,0.672316,0.132877,0.649547,0.534314,0.840569,0.897436,0.446593,0.823711,0.838944,0.644144,0.652798
0.018003,0.863575,1276,1843,1284,2306,2212,2248,2349,3096,2942,1508,3410,2915,1948,2891,,0.462998,0.068924,0.172727,0.673446,0.132192,0.649547,0.533333,0.839072,0.897436,0.446593,0.822680,0.839854,0.644144,0.652798
0.018021,0.881596,1276,1843,1284,2306,2212,2248,2349,3096,2942,1508,3410,2915,1948,2891,,0.462998,0.068924,0.172727,0.673446,0.132192,0.649547,0.533333,0.839072,0.897436,0.446593,0.822680,0.839854,0.644144,0.652798
0.017963,0.899559,1275,1843,1284,2306,2212,2248,2349,3096,2942,1509,3410,2915,1947,2891,,0.462049,0.068924,0.172727,0.673446,0.132192,0.649547,0.533333,0.839072,0.897436,0.447514,0.822680,0.839854,0.643018,0.652798
0.018029,0.917588,1275,1843,1283,2307,2212,2249,2349,3097,2942,1508,3411,2914,1948,2891,,0.462049,0.068924,0.171818,0.674576,0.132192,0.650151,0.533333,0.839820,0.897436,0.446593,0.823711,0.838944,0.644144,0.652798
0.017994,0.935583,1275,1843,1283,2307,2212,2248,2349,3097,2942,1509,3411,2915,1947,2890,,0.462049,0.068924,0.171818,0.674576,0.132192,0.649547,0.533333,0.839820,0.897436,0.447514,0.823711,0.839854,0.643018,0.652080
0.017977,0.953560,1275,1843,1283,2307,2212,2249,2348,3096,2942,1508,3411,2916,1947,2891,,0.462049,0.068924,0.171818,0.674576,0.132192,0.650151,0.532353,0.839072,0.897436,0.446593,0.823711,0.840764,0.643018,0.652798
0.018031,0.971591,1274,1842,1281,2306,2210,2249,2349,3097,2942,1507,3410,2915,1947,2891,,0.461101,0.067715,0.170000,0.673446,0.130822,0.650151,0.533333,0.839820,0.897436,0.445672,0.822680,0.839854,0.643018,0.652798
0.017993,0.989584,1273,1842,1281,2307,2210,2249,2349,3097,2941,1508,3410,2916,1948,2891,,0.460152,0.067715,0.170000,0.674576,0.130822,0.650151,0.533333,0.839820,0.896270,0.446593,0.822680,0.840764,0.644144,0.652798
0.018018,1.007602,1274,1843,1282,2307,2210,2249,2348,3096,2942,1508,3409,2917,1948,2891,,0.461101,0.068924,0.170909,0.674576,0.130822,0.650151,0.532353,0.839072,0.897436,0.446593,0.821649,0.841674,0.644144,0.652798
