GloveManager recording started on 10/20/16 at 16:11:28

,,Glove 1,Glove 1,Glove 1,Glove 1,Glove 1,Glove 1,Glove 1,Glove 1,Glove 1,Glove 1,Glove 1,Glove 1,Glove 1,Glove 1,,Glove 1 Scaled,Glove 1 Scaled,Glove 1 Scaled,Glove 1 Scaled,Glove 1 Scaled,Glove 1 Scaled,Glove 1 Scaled,Glove 1 Scaled,Glove 1 Scaled,Glove 1 Scaled,Glove 1 Scaled,Glove 1 Scaled,Glove 1 Scaled,Glove 1 Scaled
delta time (s), absolute time (s),Thumb Near,Thumb Far,Thumb/Index,Index Near,Index Far,Index/Middle,Middle Near,Middle Far,Middle/Ring,Ring Near,Ring Far,Ring/Little,Little Near,Little Far,,Thumb Near,Thumb Far,Thumb/Index,Index Near,Index Far,Index/Middle,Middle Near,Middle Far,Middle/Ring,Ring Near,Ring Far,Ring/Little,Little Near,Little Far
0.017570,0.017570,1259,2031,1726,2053,2180,2382,1997,2153,2733,1286,3525,2897,1766,2963,,0.446869,0.296252,0.574545,0.387571,0.110274,0.730514,0.188235,0.133234,0.653846,0.242173,0.941237,0.823476,0.439189,0.704448
0.018034,0.035604,1259,2033,1725,2053,2179,2382,1997,2153,2733,1289,3524,2898,1766,2963,,0.446869,0.298670,0.573636,0.387571,0.109589,0.730514,0.188235,0.133234,0.653846,0.244936,0.940206,0.824386,0.439189,0.704448
0.018002,0.053606,1259,2034,1726,2053,2179,2382,1997,2154,2732,1291,3525,2898,1767,2963,,0.446869,0.299879,0.574545,0.387571,0.109589,0.730514,0.188235,0.133982,0.652681,0.246777,0.941237,0.824386,0.440315,0.704448
0.017986,0.071593,1260,2036,1725,2053,2178,2382,1996,2154,2733,1292,3525,2899,1768,2964,,0.447818,0.302297,0.573636,0.387571,0.108904,0.730514,0.187255,0.133982,0.653846,0.247698,0.941237,0.825296,0.441441,0.705165
0.018010,0.089603,1260,2038,1724,2053,2178,2383,1995,2153,2734,1293,3525,2898,1769,2964,,0.447818,0.304716,0.572727,0.387571,0.108904,0.731118,0.186275,0.133234,0.655012,0.248619,0.941237,0.824386,0.442568,0.705165
0.017991,0.107593,1260,2038,1724,2053,2178,2383,1995,2153,2734,1293,3525,2898,1769,2964,,0.447818,0.304716,0.572727,0.387571,0.108904,0.731118,0.186275,0.133234,0.655012,0.248619,0.941237,0.824386,0.442568,0.705165
0.017956,0.125549,1261,2041,1723,2053,2178,2382,1995,2152,2734,1293,3526,2898,1769,2963,,0.448767,0.308343,0.571818,0.387571,0.108904,0.730514,0.186275,0.132485,0.655012,0.248619,0.942268,0.824386,0.442568,0.704448
0.018028,0.143577,1261,2040,1722,2053,2178,2382,1995,2152,2733,1292,3526,2898,1768,2963,,0.448767,0.307134,0.570909,0.387571,0.108904,0.730514,0.186275,0.132485,0.653846,0.247698,0.942268,0.824386,0.441441,0.704448
0.018026,0.161603,1260,2041,1723,2053,2178,2382,1995,2152,2733,1292,3526,2898,1769,2964,,0.447818,0.308343,0.571818,0.387571,0.108904,0.730514,0.186275,0.132485,0.653846,0.247698,0.942268,0.824386,0.442568,0.705165
0.018010,0.179613,1260,2041,1722,2053,2178,2382,1994,2151,2734,1293,3526,2897,1769,2963,,0.447818,0.308343,0.570909,0.387571,0.108904,0.730514,0.185294,0.131737,0.655012,0.248619,0.942268,0.823476,0.442568,0.704448
0.018008,0.197621,1260,2043,1723,2054,2179,2381,1994,2150,2733,1293,3526,2898,1770,2964,,0.447818,0.310762,0.571818,0.388701,0.109589,0.729909,0.185294,0.130988,0.653846,0.248619,0.942268,0.824386,0.443694,0.705165
0.017986,0.215607,1261,2044,1723,2054,2179,2381,1993,2150,2733,1293,3525,2898,1769,2961,,0.448767,0.311971,0.571818,0.388701,0.109589,0.729909,0.184314,0.130988,0.653846,0.248619,0.941237,0.824386,0.442568,0.703013
0.018007,0.233614,1261,2044,1722,2054,2179,2381,1993,2150,2733,1293,3526,2897,1770,2962,,0.448767,0.311971,0.570909,0.388701,0.109589,0.729909,0.184314,0.130988,0.653846,0.248619,0.942268,0.823476,0.443694,0.703730
0.018000,0.251614,1260,2044,1722,2053,2180,2381,1992,2149,2734,1293,3525,2898,1770,2963,,0.447818,0.311971,0.570909,0.387571,0.110274,0.729909,0.183333,0.130240,0.655012,0.248619,0.941237,0.824386,0.443694,0.704448
0.017993,0.269607,1261,2045,1723,2054,2180,2381,1993,2149,2735,1294,3526,2899,1771,2964,,0.448767,0.313180,0.571818,0.388701,0.110274,0.729909,0.184314,0.130240,0.656177,0.249540,0.942268,0.825296,0.444820,0.705165
0.018016,0.287623,1263,2047,1722,2055,2180,2381,1992,2148,2734,1294,3524,2898,1771,2963,,0.450664,0.315599,0.570909,0.389830,0.110274,0.729909,0.183333,0.129491,0.655012,0.249540,0.940206,0.824386,0.444820,0.704448
0.017992,0.305615,1261,2048,1722,2054,2180,2381,1992,2148,2734,1294,3526,2898,1770,2964,,0.448767,0.316808,0.570909,0.388701,0.110274,0.729909,0.183333,0.129491,0.655012,0.249540,0.942268,0.824386,0.443694,0.705165
0.018000,0.323616,1262,2048,1723,2055,2180,2381,1993,2148,2734,1296,3525,2898,1769,2963,,0.449715,0.316808,0.571818,0.389830,0.110274,0.729909,0.184314,0.129491,0.655012,0.251381,0.941237,0.824386,0.442568,0.704448
0.017989,0.341604,1262,2048,1723,2054,2181,2380,1992,2147,2734,1295,3525,2898,1770,2961,,0.449715,0.316808,0.571818,0.388701,0.110959,0.729305,0.183333,0.128743,0.655012,0.250460,0.941237,0.824386,0.443694,0.703013
0.018002,0.359606,1262,2048,1723,2055,2182,2379,1991,2147,2734,1295,3524,2898,1770,2962,,0.449715,0.316808,0.571818,0.389830,0.111644,0.728701,0.182353,0.128743,0.655012,0.250460,0.940206,0.824386,0.443694,0.703730
0.017987,0.377593,1262,2048,1723,2054,2181,2380,1991,2147,2733,1297,3524,2899,1771,2962,,0.449715,0.316808,0.571818,0.388701,0.110959,0.729305,0.182353,0.128743,0.653846,0.252302,0.940206,0.825296,0.444820,0.703730
0.018018,0.395610,1263,2049,1721,2052,2180,2379,1991,2146,2734,1298,3525,2899,1772,2961,,0.450664,0.318017,0.570000,0.386441,0.110274,0.728701,0.182353,0.127994,0.655012,0.253223,0.941237,0.825296,0.445946,0.703013
0.018006,0.413616,1263,2049,1721,2052,2180,2379,1991,2146,2734,1298,3525,2899,1772,2961,,0.450664,0.318017,0.570000,0.386441,0.110274,0.728701,0.182353,0.127994,0.655012,0.253223,0.941237,0.825296,0.445946,0.703013
0.017970,0.431587,1263,2051,1720,2052,2180,2380,1991,2146,2735,1299,3525,2899,1773,2962,,0.450664,0.320435,0.569091,0.386441,0.110274,0.729305,0.182353,0.127994,0.656177,0.254144,0.941237,0.825296,0.447072,0.703730
0.018014,0.449600,1263,2052,1720,2052,2179,2381,1991,2147,2734,1302,3524,2900,1773,2961,,0.450664,0.321644,0.569091,0.386441,0.109589,0.729909,0.182353,0.128743,0.655012,0.256906,0.940206,0.826206,0.447072,0.703013
0.018010,0.467610,1264,2055,1719,2052,2179,2381,1990,2147,2735,1304,3525,2901,1775,2962,,0.451613,0.325272,0.568182,0.386441,0.109589,0.729909,0.181373,0.128743,0.656177,0.258748,0.941237,0.827116,0.449324,0.703730
0.018002,0.485613,1265,2056,1719,2051,2178,2382,1990,2147,2736,1306,3525,2902,1783,2961,,0.452562,0.326481,0.568182,0.385311,0.108904,0.730514,0.181373,0.128743,0.657343,0.260589,0.941237,0.828025,0.458333,0.703013
0.018010,0.503623,1265,2057,1718,2051,2178,2383,1989,2148,2736,1308,3526,2902,1783,2961,,0.452562,0.327690,0.567273,0.385311,0.108904,0.731118,0.180392,0.129491,0.657343,0.262431,0.942268,0.828025,0.458333,0.703013
0.018008,0.521631,1266,2059,1718,2051,2177,2383,1989,2148,2736,1308,3524,2901,1783,2960,,0.453510,0.330109,0.567273,0.385311,0.108219,0.731118,0.180392,0.129491,0.657343,0.262431,0.940206,0.827116,0.458333,0.702296
0.017987,0.539618,1266,2060,1719,2051,2176,2382,1989,2148,2735,1308,3526,2901,1775,2959,,0.453510,0.331318,0.568182,0.385311,0.107534,0.730514,0.180392,0.129491,0.656177,0.262431,0.942268,0.827116,0.449324,0.701578
0.018009,0.557627,1266,2060,1719,2051,2176,2382,1989,2148,2735,1308,3526,2901,1775,2959,,0.453510,0.331318,0.568182,0.385311,0.107534,0.730514,0.180392,0.129491,0.656177,0.262431,0.942268,0.827116,0.449324,0.701578
0.017997,0.575624,1265,2062,1720,2052,2175,2384,1989,2150,2735,1307,3525,2901,1775,2959,,0.452562,0.333736,0.569091,0.386441,0.106849,0.731722,0.180392,0.130988,0.656177,0.261510,0.941237,0.827116,0.449324,0.701578
0.017970,0.593594,1266,2062,1720,2053,2174,2385,1989,2152,2735,1306,3525,2901,1774,2960,,0.453510,0.333736,0.569091,0.387571,0.106164,0.732326,0.180392,0.132485,0.656177,0.260589,0.941237,0.827116,0.448198,0.702296
0.018059,0.611654,1265,2063,1722,2054,2173,2387,1989,2153,2736,1306,3526,2901,1775,2960,,0.452562,0.334946,0.570909,0.388701,0.105479,0.733535,0.180392,0.133234,0.657343,0.260589,0.942268,0.827116,0.449324,0.702296
0.017977,0.629631,1266,2064,1722,2055,2172,2387,1988,2154,2735,1306,3526,2901,1773,2960,,0.453510,0.336155,0.570909,0.389830,0.104795,0.733535,0.179412,0.133982,0.656177,0.260589,0.942268,0.827116,0.447072,0.702296
0.018013,0.647644,1266,2066,1722,2055,2172,2388,1988,2156,2734,1304,3525,2901,1771,2960,,0.453510,0.338573,0.570909,0.389830,0.104795,0.734139,0.179412,0.135479,0.655012,0.258748,0.941237,0.827116,0.444820,0.702296
0.017933,0.665576,1266,2066,1722,2055,2172,2388,1988,2156,2734,1304,3525,2901,1771,2960,,0.453510,0.338573,0.570909,0.389830,0.104795,0.734139,0.179412,0.135479,0.655012,0.258748,0.941237,0.827116,0.444820,0.702296
0.018059,0.683635,1265,2067,1723,2054,2171,2390,1988,2159,2735,1302,3525,2900,1772,2960,,0.452562,0.339782,0.571818,0.388701,0.104110,0.735347,0.179412,0.137725,0.656177,0.256906,0.941237,0.826206,0.445946,0.702296
0.018001,0.701637,1265,2067,1723,2055,2170,2392,1987,2160,2735,1301,3525,2900,1771,2960,,0.452562,0.339782,0.571818,0.389830,0.103425,0.736556,0.178431,0.138473,0.656177,0.255985,0.941237,0.826206,0.444820,0.702296
0.018016,0.719653,1265,2066,1723,2054,2169,2392,1987,2160,2735,1301,3525,2899,1771,2960,,0.452562,0.338573,0.571818,0.388701,0.102740,0.736556,0.178431,0.138473,0.656177,0.255985,0.941237,0.825296,0.444820,0.702296
0.017991,0.737644,1264,2065,1723,2055,2169,2393,1988,2162,2735,1301,3525,2899,1771,2961,,0.451613,0.337364,0.571818,0.389830,0.102740,0.737160,0.179412,0.139970,0.656177,0.255985,0.941237,0.825296,0.444820,0.703013
0.017995,0.755639,1266,2067,1723,2054,2169,2394,1988,2163,2735,1301,3525,2899,1770,2961,,0.453510,0.339782,0.571818,0.388701,0.102740,0.737764,0.179412,0.140719,0.656177,0.255985,0.941237,0.825296,0.443694,0.703013
0.018002,0.773641,1266,2066,1723,2055,2169,2396,1988,2164,2735,1300,3524,2899,1769,2962,,0.453510,0.338573,0.571818,0.389830,0.102740,0.738973,0.179412,0.141467,0.656177,0.255064,0.940206,0.825296,0.442568,0.703730
0.017941,0.791583,1265,2066,1724,2055,2169,2396,1987,2164,2736,1299,3524,2899,1769,2963,,0.452562,0.338573,0.572727,0.389830,0.102740,0.738973,0.178431,0.141467,0.657343,0.254144,0.940206,0.825296,0.442568,0.704448
0.018051,0.809633,1265,2066,1724,2054,2169,2397,1987,2166,2735,1298,3525,2899,1768,2962,,0.452562,0.338573,0.572727,0.388701,0.102740,0.739577,0.178431,0.142964,0.656177,0.253223,0.941237,0.825296,0.441441,0.703730
0.017999,0.827632,1264,2067,1725,2054,2169,2398,1988,2167,2736,1299,3523,2899,1768,2963,,0.451613,0.339782,0.573636,0.388701,0.102740,0.740181,0.179412,0.143713,0.657343,0.254144,0.939175,0.825296,0.441441,0.704448
0.018023,0.845655,1265,2066,1725,2054,2171,2399,1987,2168,2736,1298,3524,2899,1768,2963,,0.452562,0.338573,0.573636,0.388701,0.104110,0.740785,0.178431,0.144461,0.657343,0.253223,0.940206,0.825296,0.441441,0.704448
0.018007,0.863662,1264,2065,1725,2053,2171,2400,1987,2169,2736,1296,3524,2898,1765,2961,,0.451613,0.337364,0.573636,0.387571,0.104110,0.741390,0.178431,0.145210,0.657343,0.251381,0.940206,0.824386,0.438063,0.703013
0.017975,0.881637,1264,2065,1726,2054,2171,2399,1986,2168,2734,1294,3524,2897,1765,2960,,0.451613,0.337364,0.574545,0.388701,0.104110,0.740785,0.177451,0.144461,0.655012,0.249540,0.940206,0.823476,0.438063,0.702296
0.018020,0.899657,1264,2065,1726,2054,2171,2399,1986,2168,2734,1294,3524,2897,1765,2960,,0.451613,0.337364,0.574545,0.388701,0.104110,0.740785,0.177451,0.144461,0.655012,0.249540,0.940206,0.823476,0.438063,0.702296
0.017986,0.917643,1264,2065,1726,2052,2171,2401,1987,2170,2735,1294,3525,2896,1765,2960,,0.451613,0.337364,0.574545,0.386441,0.104110,0.741994,0.178431,0.145958,0.656177,0.249540,0.941237,0.822566,0.438063,0.702296
0.017993,0.935637,1264,2065,1727,2052,2170,2401,1987,2170,2735,1294,3524,2897,1774,2961,,0.451613,0.337364,0.575455,0.386441,0.103425,0.741994,0.178431,0.145958,0.656177,0.249540,0.940206,0.823476,0.448198,0.703013
0.018005,0.953641,1263,2064,1727,2053,2171,2401,1986,2170,2735,1295,3523,2897,1774,2960,,0.450664,0.336155,0.575455,0.387571,0.104110,0.741994,0.177451,0.145958,0.656177,0.250460,0.939175,0.823476,0.448198,0.702296
0.018033,0.971675,1263,2065,1727,2053,2171,2401,1987,2169,2735,1296,3524,2897,1773,2962,,0.450664,0.337364,0.575455,0.387571,0.104110,0.741994,0.178431,0.145210,0.656177,0.251381,0.940206,0.823476,0.447072,0.703730
0.017987,0.989662,1263,2065,1728,2054,2170,2403,1986,2170,2735,1299,3524,2899,1767,2963,,0.450664,0.337364,0.576364,0.388701,0.103425,0.743202,0.177451,0.145958,0.656177,0.254144,0.940206,0.825296,0.440315,0.704448
0.017991,1.007653,1263,2065,1728,2054,2170,2403,1986,2170,2735,1299,3524,2899,1767,2963,,0.450664,0.337364,0.576364,0.388701,0.103425,0.743202,0.177451,0.145958,0.656177,0.254144,0.940206,0.825296,0.440315,0.704448
0.017965,1.025618,1262,2065,1728,2053,2170,2403,1986,2169,2735,1300,3524,2899,1767,2963,,0.449715,0.337364,0.576364,0.387571,0.103425,0.743202,0.177451,0.145210,0.656177,0.255064,0.940206,0.825296,0.440315,0.704448
0.018029,1.043647,1263,2065,1728,2055,2170,2403,1986,2169,2736,1301,3523,2900,1767,2964,,0.450664,0.337364,0.576364,0.389830,0.103425,0.743202,0.177451,0.145210,0.657343,0.255985,0.939175,0.826206,0.440315,0.705165
0.018010,1.061657,1261,2066,1729,2055,2171,2404,1985,2169,2736,1302,3523,2901,1767,2963,,0.448767,0.338573,0.577273,0.389830,0.104110,0.743807,0.176471,0.145210,0.657343,0.256906,0.939175,0.827116,0.440315,0.704448
0.017989,1.079647,1262,2066,1731,2055,2171,2405,1985,2170,2736,1302,3524,2900,1766,2964,,0.449715,0.338573,0.579091,0.389830,0.104110,0.744411,0.176471,0.145958,0.657343,0.256906,0.940206,0.826206,0.439189,0.705165
