GloveManager recording started on 10/20/16 at 16:12:17

,,Glove 1,Glove 1,Glove 1,Glove 1,Glove 1,Glove 1,Glove 1,Glove 1,Glove 1,Glove 1,Glove 1,Glove 1,Glove 1,Glove 1,,Glove 1 Scaled,Glove 1 Scaled,Glove 1 Scaled,Glove 1 Scaled,Glove 1 Scaled,Glove 1 Scaled,Glove 1 Scaled,Glove 1 Scaled,Glove 1 Scaled,Glove 1 Scaled,Glove 1 Scaled,Glove 1 Scaled,Glove 1 Scaled,Glove 1 Scaled
delta time (s), absolute time (s),Thumb Near,Thumb Far,Thumb/Index,Index Near,Index Far,Index/Middle,Middle Near,Middle Far,Middle/Ring,Ring Near,Ring Far,Ring/Little,Little Near,Little Far,,Thumb Near,Thumb Far,Thumb/Index,Index Near,Index Far,Index/Middle,Middle Near,Middle Far,Middle/Ring,Ring Near,Ring Far,Ring/Little,Little Near,Little Far
0.017419,0.017419,1684,2573,1583,2215,2702,1982,2401,2983,2882,1420,3263,2895,1795,2600,,0.850095,0.951632,0.444545,0.570621,0.467808,0.488822,0.584314,0.754491,0.827506,0.365562,0.671134,0.821656,0.471847,0.444046
0.018017,0.035436,1685,2574,1584,2216,2702,1984,2401,2983,2882,1421,3262,2894,1796,2600,,0.851044,0.952842,0.445455,0.571751,0.467808,0.490030,0.584314,0.754491,0.827506,0.366482,0.670103,0.820746,0.472973,0.444046
0.017991,0.053427,1685,2574,1585,2216,2702,1984,2402,2982,2882,1421,3262,2895,1798,2600,,0.851044,0.952842,0.446364,0.571751,0.467808,0.490030,0.585294,0.753743,0.827506,0.366482,0.670103,0.821656,0.475225,0.444046
0.018006,0.071434,1684,2574,1584,2215,2702,1983,2402,2983,2881,1422,3262,2895,1796,2601,,0.850095,0.952842,0.445455,0.570621,0.467808,0.489426,0.585294,0.754491,0.826340,0.367403,0.670103,0.821656,0.472973,0.444763
0.017964,0.089398,1684,2574,1584,2215,2703,1982,2403,2982,2882,1422,3262,2895,1796,2602,,0.850095,0.952842,0.445455,0.570621,0.468493,0.488822,0.586275,0.753743,0.827506,0.367403,0.670103,0.821656,0.472973,0.445481
0.018043,0.107441,1684,2574,1584,2215,2703,1982,2403,2982,2882,1422,3262,2895,1796,2602,,0.850095,0.952842,0.445455,0.570621,0.468493,0.488822,0.586275,0.753743,0.827506,0.367403,0.670103,0.821656,0.472973,0.445481
0.017998,0.125439,1684,2574,1584,2215,2702,1982,2402,2982,2882,1423,3262,2895,1796,2602,,0.850095,0.952842,0.445455,0.570621,0.467808,0.488822,0.585294,0.753743,0.827506,0.368324,0.670103,0.821656,0.472973,0.445481
0.017989,0.143428,1684,2574,1584,2216,2704,1985,2402,2981,2881,1422,3262,2896,1795,2603,,0.850095,0.952842,0.445455,0.571751,0.469178,0.490634,0.585294,0.752994,0.826340,0.367403,0.670103,0.822566,0.471847,0.446198
0.018011,0.161439,1684,2574,1583,2216,2704,1985,2401,2981,2881,1421,3262,2896,1795,2603,,0.850095,0.952842,0.444545,0.571751,0.469178,0.490634,0.584314,0.752994,0.826340,0.366482,0.670103,0.822566,0.471847,0.446198
0.017989,0.179428,1684,2575,1584,2216,2705,1986,2401,2982,2882,1421,3261,2896,1795,2603,,0.850095,0.954051,0.445455,0.571751,0.469863,0.491239,0.584314,0.753743,0.827506,0.366482,0.669072,0.822566,0.471847,0.446198
0.018002,0.197430,1682,2574,1582,2217,2705,1987,2399,2982,2882,1419,3261,2895,1794,2601,,0.848197,0.952842,0.443636,0.572881,0.469863,0.491843,0.582353,0.753743,0.827506,0.364641,0.669072,0.821656,0.470721,0.444763
0.017998,0.215428,1681,2575,1581,2218,2706,1988,2398,2982,2883,1419,3262,2894,1793,2601,,0.847249,0.954051,0.442727,0.574011,0.470548,0.492447,0.581373,0.753743,0.828671,0.364641,0.670103,0.820746,0.469595,0.444763
0.018024,0.233451,1681,2575,1580,2220,2706,1989,2396,2982,2883,1418,3261,2894,1792,2601,,0.847249,0.954051,0.441818,0.576271,0.470548,0.493051,0.579412,0.753743,0.828671,0.363720,0.669072,0.820746,0.468468,0.444763
0.017982,0.251433,1680,2575,1579,2219,2707,1989,2395,2982,2883,1418,3262,2895,1793,2601,,0.846300,0.954051,0.440909,0.575141,0.471233,0.493051,0.578431,0.753743,0.828671,0.363720,0.670103,0.821656,0.469595,0.444763
0.018005,0.269439,1679,2576,1576,2218,2707,1988,2395,2982,2882,1417,3262,2895,1792,2600,,0.845351,0.955260,0.438182,0.574011,0.471233,0.492447,0.578431,0.753743,0.827506,0.362799,0.670103,0.821656,0.468468,0.444046
0.017992,0.287431,1680,2576,1576,2217,2706,1987,2395,2982,2883,1418,3261,2895,1792,2600,,0.846300,0.955260,0.438182,0.572881,0.470548,0.491843,0.578431,0.753743,0.828671,0.363720,0.669072,0.821656,0.468468,0.444046
0.018002,0.305433,1680,2577,1577,2218,2707,1989,2395,2983,2882,1418,3261,2896,1791,2600,,0.846300,0.956469,0.439091,0.574011,0.471233,0.493051,0.578431,0.754491,0.827506,0.363720,0.669072,0.822566,0.467342,0.444046
0.018004,0.323437,1678,2576,1577,2219,2707,1989,2395,2982,2883,1418,3261,2895,1792,2600,,0.844402,0.955260,0.439091,0.575141,0.471233,0.493051,0.578431,0.753743,0.828671,0.363720,0.669072,0.821656,0.468468,0.444046
0.017979,0.341416,1678,2575,1577,2221,2706,1990,2395,2982,2883,1417,3261,2895,1790,2600,,0.844402,0.954051,0.439091,0.577401,0.470548,0.493656,0.578431,0.753743,0.828671,0.362799,0.669072,0.821656,0.466216,0.444046
0.018033,0.359449,1678,2576,1578,2220,2707,1989,2395,2982,2883,1418,3260,2895,1791,2600,,0.844402,0.955260,0.440000,0.576271,0.471233,0.493051,0.578431,0.753743,0.828671,0.363720,0.668041,0.821656,0.467342,0.444046
0.017984,0.377432,1678,2576,1577,2220,2707,1989,2395,2982,2884,1416,3260,2895,1791,2599,,0.844402,0.955260,0.439091,0.576271,0.471233,0.493051,0.578431,0.753743,0.829837,0.361878,0.668041,0.821656,0.467342,0.443329
0.018002,0.395435,1678,2575,1578,2221,2707,1989,2394,2982,2884,1417,3262,2895,1791,2599,,0.844402,0.954051,0.440000,0.577401,0.471233,0.493051,0.577451,0.753743,0.829837,0.362799,0.670103,0.821656,0.467342,0.443329
0.018009,0.413443,1678,2575,1579,2221,2707,1990,2395,2983,2883,1416,3261,2895,1791,2600,,0.844402,0.954051,0.440909,0.577401,0.471233,0.493656,0.578431,0.754491,0.828671,0.361878,0.669072,0.821656,0.467342,0.444046
0.017992,0.431436,1678,2575,1579,2221,2708,1990,2394,2983,2883,1418,3262,2895,1791,2600,,0.844402,0.954051,0.440909,0.577401,0.471918,0.493656,0.577451,0.754491,0.828671,0.363720,0.670103,0.821656,0.467342,0.444046
0.018003,0.449439,1676,2573,1580,2221,2708,1991,2394,2982,2883,1416,3261,2894,1791,2598,,0.842505,0.951632,0.441818,0.577401,0.471918,0.494260,0.577451,0.753743,0.828671,0.361878,0.669072,0.820746,0.467342,0.442611
0.018000,0.467439,1675,2572,1580,2222,2708,1990,2394,2983,2883,1416,3261,2895,1791,2599,,0.841556,0.950423,0.441818,0.578531,0.471918,0.493656,0.577451,0.754491,0.828671,0.361878,0.669072,0.821656,0.467342,0.443329
0.018001,0.485440,1676,2572,1580,2222,2707,1990,2394,2983,2883,1416,3261,2894,1792,2599,,0.842505,0.950423,0.441818,0.578531,0.471233,0.493656,0.577451,0.754491,0.828671,0.361878,0.669072,0.820746,0.468468,0.443329
0.018002,0.503442,1676,2572,1580,2222,2708,1990,2393,2982,2883,1416,3262,2895,1791,2598,,0.842505,0.950423,0.441818,0.578531,0.471918,0.493656,0.576471,0.753743,0.828671,0.361878,0.670103,0.821656,0.467342,0.442611
0.018002,0.521444,1676,2572,1579,2223,2707,1990,2394,2982,2884,1416,3262,2894,1791,2598,,0.842505,0.950423,0.440909,0.579661,0.471233,0.493656,0.577451,0.753743,0.829837,0.361878,0.670103,0.820746,0.467342,0.442611
0.018002,0.539446,1677,2572,1580,2222,2707,1990,2394,2983,2884,1416,3261,2894,1791,2598,,0.843454,0.950423,0.441818,0.578531,0.471233,0.493656,0.577451,0.754491,0.829837,0.361878,0.669072,0.820746,0.467342,0.442611
0.017997,0.557442,1679,2572,1581,2223,2707,1991,2395,2982,2883,1416,3261,2894,1791,2598,,0.845351,0.950423,0.442727,0.579661,0.471233,0.494260,0.578431,0.753743,0.828671,0.361878,0.669072,0.820746,0.467342,0.442611
0.018003,0.575446,1679,2572,1581,2223,2707,1991,2395,2982,2883,1416,3261,2894,1791,2598,,0.845351,0.950423,0.442727,0.579661,0.471233,0.494260,0.578431,0.753743,0.828671,0.361878,0.669072,0.820746,0.467342,0.442611
0.018003,0.593448,1680,2573,1580,2225,2708,1991,2395,2983,2881,1416,3261,2894,1792,2599,,0.846300,0.951632,0.441818,0.581921,0.471918,0.494260,0.578431,0.754491,0.826340,0.361878,0.669072,0.820746,0.468468,0.443329
0.017997,0.611446,1678,2572,1580,2224,2707,1991,2395,2982,2883,1416,3261,2894,1792,2599,,0.844402,0.950423,0.441818,0.580791,0.471233,0.494260,0.578431,0.753743,0.828671,0.361878,0.669072,0.820746,0.468468,0.443329
0.018002,0.629448,1677,2571,1582,2224,2707,1991,2394,2982,2884,1415,3262,2894,1791,2599,,0.843454,0.949214,0.443636,0.580791,0.471233,0.494260,0.577451,0.753743,0.829837,0.360958,0.670103,0.820746,0.467342,0.443329
0.018000,0.647448,1678,2571,1582,2225,2708,1991,2395,2982,2883,1417,3262,2895,1792,2599,,0.844402,0.949214,0.443636,0.581921,0.471918,0.494260,0.578431,0.753743,0.828671,0.362799,0.670103,0.821656,0.468468,0.443329
0.018000,0.665449,1678,2571,1583,2225,2708,1991,2395,2982,2883,1417,3262,2895,1792,2598,,0.844402,0.949214,0.444545,0.581921,0.471918,0.494260,0.578431,0.753743,0.828671,0.362799,0.670103,0.821656,0.468468,0.442611
0.018009,0.683457,1680,2571,1582,2229,2708,1993,2395,2982,2883,1417,3262,2894,1792,2599,,0.846300,0.949214,0.443636,0.586441,0.471918,0.495468,0.578431,0.753743,0.828671,0.362799,0.670103,0.820746,0.468468,0.443329
0.017992,0.701449,1679,2571,1582,2229,2708,1994,2395,2981,2883,1416,3262,2894,1792,2599,,0.845351,0.949214,0.443636,0.586441,0.471918,0.496073,0.578431,0.752994,0.828671,0.361878,0.670103,0.820746,0.468468,0.443329
0.017974,0.719423,1678,2571,1582,2229,2708,1995,2394,2981,2882,1416,3263,2894,1792,2598,,0.844402,0.949214,0.443636,0.586441,0.471918,0.496677,0.577451,0.752994,0.827506,0.361878,0.671134,0.820746,0.468468,0.442611
0.018028,0.737451,1678,2571,1583,2230,2708,1994,2394,2981,2882,1414,3262,2894,1792,2598,,0.844402,0.949214,0.444545,0.587571,0.471918,0.496073,0.577451,0.752994,0.827506,0.360037,0.670103,0.820746,0.468468,0.442611
0.018003,0.755454,1678,2572,1583,2230,2708,1995,2394,2981,2883,1416,3262,2894,1792,2599,,0.844402,0.950423,0.444545,0.587571,0.471918,0.496677,0.577451,0.752994,0.828671,0.361878,0.670103,0.820746,0.468468,0.443329
0.017999,0.773454,1679,2571,1583,2230,2708,1995,2395,2981,2883,1415,3262,2894,1792,2598,,0.845351,0.949214,0.444545,0.587571,0.471918,0.496677,0.578431,0.752994,0.828671,0.360958,0.670103,0.820746,0.468468,0.442611
0.018000,0.791454,1679,2571,1583,2230,2707,1995,2396,2981,2883,1416,3263,2894,1791,2598,,0.845351,0.949214,0.444545,0.587571,0.471233,0.496677,0.579412,0.752994,0.828671,0.361878,0.671134,0.820746,0.467342,0.442611
0.018011,0.809465,1679,2571,1583,2230,2707,1995,2396,2981,2883,1416,3263,2894,1791,2598,,0.845351,0.949214,0.444545,0.587571,0.471233,0.496677,0.579412,0.752994,0.828671,0.361878,0.671134,0.820746,0.467342,0.442611
0.017993,0.827458,1677,2570,1586,2231,2708,1996,2396,2980,2882,1415,3262,2894,1792,2598,,0.843454,0.948005,0.447273,0.588701,0.471918,0.497281,0.579412,0.752245,0.827506,0.360958,0.670103,0.820746,0.468468,0.442611
0.018013,0.845471,1678,2570,1586,2232,2708,1997,2396,2981,2881,1416,3262,2894,1791,2598,,0.844402,0.948005,0.447273,0.589831,0.471918,0.497885,0.579412,0.752994,0.826340,0.361878,0.670103,0.820746,0.467342,0.442611
0.017989,0.863460,1678,2570,1586,2234,2708,1999,2397,2980,2882,1417,3262,2894,1792,2598,,0.844402,0.948005,0.447273,0.592090,0.471918,0.499094,0.580392,0.752245,0.827506,0.362799,0.670103,0.820746,0.468468,0.442611
0.018008,0.881468,1680,2571,1586,2234,2708,2000,2397,2980,2882,1416,3263,2895,1791,2599,,0.846300,0.949214,0.447273,0.592090,0.471918,0.499698,0.580392,0.752245,0.827506,0.361878,0.671134,0.821656,0.467342,0.443329
0.017992,0.899460,1680,2570,1585,2233,2707,1999,2396,2980,2882,1415,3262,2894,1791,2599,,0.846300,0.948005,0.446364,0.590960,0.471233,0.499094,0.579412,0.752245,0.827506,0.360958,0.670103,0.820746,0.467342,0.443329
0.018002,0.917461,1680,2570,1585,2233,2707,1999,2396,2980,2882,1415,3262,2894,1791,2599,,0.846300,0.948005,0.446364,0.590960,0.471233,0.499094,0.579412,0.752245,0.827506,0.360958,0.670103,0.820746,0.467342,0.443329
0.018001,0.935463,1678,2569,1584,2234,2707,1999,2396,2980,2882,1415,3262,2894,1791,2599,,0.844402,0.946796,0.445455,0.592090,0.471233,0.499094,0.579412,0.752245,0.827506,0.360958,0.670103,0.820746,0.467342,0.443329
0.018008,0.953471,1678,2570,1585,2234,2707,1999,2397,2980,2881,1416,3261,2894,1791,2599,,0.844402,0.948005,0.446364,0.592090,0.471233,0.499094,0.580392,0.752245,0.826340,0.361878,0.669072,0.820746,0.467342,0.443329
0.018002,0.971473,1679,2570,1585,2235,2708,2000,2397,2980,2882,1416,3263,2894,1791,2599,,0.845351,0.948005,0.446364,0.593220,0.471918,0.499698,0.580392,0.752245,0.827506,0.361878,0.671134,0.820746,0.467342,0.443329
0.017999,0.989472,1679,2570,1584,2235,2706,1999,2397,2980,2882,1416,3263,2894,1792,2600,,0.845351,0.948005,0.445455,0.593220,0.470548,0.499094,0.580392,0.752245,0.827506,0.361878,0.671134,0.820746,0.468468,0.444046
0.017995,1.007467,1680,2570,1585,2235,2707,1998,2398,2979,2882,1416,3263,2894,1791,2599,,0.846300,0.948005,0.446364,0.593220,0.471233,0.498489,0.581373,0.751497,0.827506,0.361878,0.671134,0.820746,0.467342,0.443329
0.018023,1.025491,1680,2572,1585,2237,2706,1999,2397,2980,2882,1416,3263,2894,1792,2599,,0.846300,0.950423,0.446364,0.595480,0.470548,0.499094,0.580392,0.752245,0.827506,0.361878,0.671134,0.820746,0.468468,0.443329
