GloveManager recording started on 10/20/16 at 17:48:52

,,Glove 1,Glove 1,Glove 1,Glove 1,Glove 1,Glove 1,Glove 1,Glove 1,Glove 1,Glove 1,Glove 1,Glove 1,Glove 1,Glove 1,,Glove 1 Scaled,Glove 1 Scaled,Glove 1 Scaled,Glove 1 Scaled,Glove 1 Scaled,Glove 1 Scaled,Glove 1 Scaled,Glove 1 Scaled,Glove 1 Scaled,Glove 1 Scaled,Glove 1 Scaled,Glove 1 Scaled,Glove 1 Scaled,Glove 1 Scaled
delta time (s), absolute time (s),Thumb Near,Thumb Far,Thumb/Index,Index Near,Index Far,Index/Middle,Middle Near,Middle Far,Middle/Ring,Ring Near,Ring Far,Ring/Little,Little Near,Little Far,,Thumb Near,Thumb Far,Thumb/Index,Index Near,Index Far,Index/Middle,Middle Near,Middle Far,Middle/Ring,Ring Near,Ring Far,Ring/Little,Little Near,Little Far
0.017246,0.017246,1539,1971,1137,2205,2475,2450,2178,3099,2925,1193,3340,2963,1696,2886,,0.645907,0.201537,0.067488,0.547027,0.293625,0.779720,0.352074,0.785465,0.821313,0.171429,0.733799,0.724585,0.321799,0.620713
0.018002,0.035248,1540,1971,1137,2205,2476,2450,2179,3099,2925,1194,3341,2964,1696,2887,,0.646501,0.201537,0.067488,0.547027,0.294269,0.779720,0.352995,0.785465,0.821313,0.172321,0.734796,0.725104,0.321799,0.621399
0.018011,0.053259,1540,1969,1136,2205,2475,2450,2178,3099,2926,1194,3341,2964,1696,2887,,0.646501,0.199829,0.066901,0.547027,0.293625,0.779720,0.352074,0.785465,0.822390,0.172321,0.734796,0.725104,0.321799,0.621399
0.017989,0.071248,1541,1971,1137,2205,2475,2450,2179,3099,2925,1194,3341,2963,1697,2887,,0.647094,0.201537,0.067488,0.547027,0.293625,0.779720,0.352995,0.785465,0.821313,0.172321,0.734796,0.724585,0.322664,0.621399
0.018003,0.089251,1540,1970,1137,2206,2474,2450,2178,3099,2926,1194,3341,2964,1697,2887,,0.646501,0.200683,0.067488,0.548108,0.292981,0.779720,0.352074,0.785465,0.822390,0.172321,0.734796,0.725104,0.322664,0.621399
0.018010,0.107261,1540,1970,1135,2206,2474,2450,2178,3099,2926,1195,3341,2964,1696,2887,,0.646501,0.200683,0.066315,0.548108,0.292981,0.779720,0.352074,0.785465,0.822390,0.173214,0.734796,0.725104,0.321799,0.621399
0.018031,0.125292,1540,1970,1135,2206,2474,2450,2178,3099,2926,1195,3341,2964,1696,2887,,0.646501,0.200683,0.066315,0.548108,0.292981,0.779720,0.352074,0.785465,0.822390,0.173214,0.734796,0.725104,0.321799,0.621399
0.017933,0.143225,1541,1970,1137,2206,2475,2450,2178,3098,2926,1194,3340,2963,1696,2887,,0.647094,0.200683,0.067488,0.548108,0.293625,0.779720,0.352074,0.784766,0.822390,0.172321,0.733799,0.724585,0.321799,0.621399
0.018033,0.161258,1540,1969,1135,2205,2475,2451,2178,3098,2926,1194,3341,2963,1697,2887,,0.646501,0.199829,0.066315,0.547027,0.293625,0.780303,0.352074,0.784766,0.822390,0.172321,0.734796,0.724585,0.322664,0.621399
0.018010,0.179268,1540,1970,1137,2206,2474,2451,2178,3098,2926,1194,3341,2963,1697,2888,,0.646501,0.200683,0.067488,0.548108,0.292981,0.780303,0.352074,0.784766,0.822390,0.172321,0.734796,0.724585,0.322664,0.622085
0.018007,0.197275,1540,1970,1137,2207,2474,2452,2177,3099,2926,1194,3342,2964,1697,2887,,0.646501,0.200683,0.067488,0.549189,0.292981,0.780886,0.351152,0.785465,0.822390,0.172321,0.735793,0.725104,0.322664,0.621399
0.017990,0.215265,1541,1971,1136,2208,2475,2453,2179,3099,2926,1194,3341,2962,1697,2887,,0.647094,0.201537,0.066901,0.550270,0.293625,0.781469,0.352995,0.785465,0.822390,0.172321,0.734796,0.724066,0.322664,0.621399
0.017970,0.233235,1540,1970,1136,2207,2474,2452,2178,3098,2925,1194,3341,2962,1697,2887,,0.646501,0.200683,0.066901,0.549189,0.292981,0.780886,0.352074,0.784766,0.821313,0.172321,0.734796,0.724066,0.322664,0.621399
0.018035,0.251270,1540,1970,1136,2207,2474,2452,2178,3098,2925,1194,3341,2962,1697,2887,,0.646501,0.200683,0.066901,0.549189,0.292981,0.780886,0.352074,0.784766,0.821313,0.172321,0.734796,0.724066,0.322664,0.621399
0.017986,0.269256,1541,1970,1136,2207,2474,2452,2178,3099,2926,1194,3340,2964,1696,2887,,0.647094,0.200683,0.066901,0.549189,0.292981,0.780886,0.352074,0.785465,0.822390,0.172321,0.733799,0.725104,0.321799,0.621399
0.018021,0.287277,1541,1970,1136,2207,2475,2451,2178,3098,2925,1195,3341,2963,1697,2888,,0.647094,0.200683,0.066901,0.549189,0.293625,0.780303,0.352074,0.784766,0.821313,0.173214,0.734796,0.724585,0.322664,0.622085
0.017983,0.305260,1541,1971,1136,2208,2475,2452,2178,3098,2926,1194,3342,2963,1697,2888,,0.647094,0.201537,0.066901,0.550270,0.293625,0.780886,0.352074,0.784766,0.822390,0.172321,0.735793,0.724585,0.322664,0.622085
0.017999,0.323259,1541,1971,1136,2208,2475,2452,2178,3098,2926,1194,3342,2963,1697,2888,,0.647094,0.201537,0.066901,0.550270,0.293625,0.780886,0.352074,0.784766,0.822390,0.172321,0.735793,0.724585,0.322664,0.622085
0.017985,0.341244,1541,1971,1136,2208,2475,2452,2179,3098,2926,1194,3341,2963,1697,2887,,0.647094,0.201537,0.066901,0.550270,0.293625,0.780886,0.352995,0.784766,0.822390,0.172321,0.734796,0.724585,0.322664,0.621399
0.018020,0.359264,1541,1971,1136,2208,2475,2452,2179,3098,2926,1194,3341,2963,1697,2887,,0.647094,0.201537,0.066901,0.550270,0.293625,0.780886,0.352995,0.784766,0.822390,0.172321,0.734796,0.724585,0.322664,0.621399
0.017975,0.377238,1541,1971,1137,2208,2473,2453,2178,3098,2926,1195,3341,2963,1696,2887,,0.647094,0.201537,0.067488,0.550270,0.292337,0.781469,0.352074,0.784766,0.822390,0.173214,0.734796,0.724585,0.321799,0.621399
0.018045,0.395284,1540,1970,1136,2208,2474,2452,2178,3098,2926,1195,3341,2963,1697,2888,,0.646501,0.200683,0.066901,0.550270,0.292981,0.780886,0.352074,0.784766,0.822390,0.173214,0.734796,0.724585,0.322664,0.622085
0.017934,0.413218,1541,1970,1136,2208,2475,2454,2178,3098,2926,1195,3341,2963,1697,2888,,0.647094,0.200683,0.066901,0.550270,0.293625,0.782051,0.352074,0.784766,0.822390,0.173214,0.734796,0.724585,0.322664,0.622085
0.018060,0.431278,1540,1970,1136,2209,2474,2453,2178,3098,2925,1194,3341,2963,1697,2888,,0.646501,0.200683,0.066901,0.551351,0.292981,0.781469,0.352074,0.784766,0.821313,0.172321,0.734796,0.724585,0.322664,0.622085
0.017997,0.449276,1541,1970,1136,2208,2474,2453,2178,3098,2925,1194,3341,2963,1697,2888,,0.647094,0.200683,0.066901,0.550270,0.292981,0.781469,0.352074,0.784766,0.821313,0.172321,0.734796,0.724585,0.322664,0.622085
0.017989,0.467265,1541,1971,1136,2209,2475,2452,2178,3099,2926,1195,3341,2963,1697,2888,,0.647094,0.201537,0.066901,0.551351,0.293625,0.780886,0.352074,0.785465,0.822390,0.173214,0.734796,0.724585,0.322664,0.622085
0.018006,0.485271,1541,1971,1136,2208,2473,2453,2177,3098,2926,1195,3341,2963,1697,2888,,0.647094,0.201537,0.066901,0.550270,0.292337,0.781469,0.351152,0.784766,0.822390,0.173214,0.734796,0.724585,0.322664,0.622085
0.017997,0.503268,1541,1970,1136,2209,2474,2454,2177,3099,2926,1195,3341,2963,1697,2889,,0.647094,0.200683,0.066901,0.551351,0.292981,0.782051,0.351152,0.785465,0.822390,0.173214,0.734796,0.724585,0.322664,0.622771
0.018017,0.521285,1541,1970,1137,2209,2474,2453,2178,3098,2926,1196,3341,2964,1697,2888,,0.647094,0.200683,0.067488,0.551351,0.292981,0.781469,0.352074,0.784766,0.822390,0.174107,0.734796,0.725104,0.322664,0.622085
0.017983,0.539268,1542,1970,1136,2210,2474,2454,2178,3099,2926,1195,3341,2963,1696,2888,,0.647687,0.200683,0.066901,0.552432,0.292981,0.782051,0.352074,0.785465,0.822390,0.173214,0.734796,0.724585,0.321799,0.622085
0.018003,0.557271,1541,1971,1136,2210,2473,2454,2177,3099,2926,1195,3342,2963,1698,2889,,0.647094,0.201537,0.066901,0.552432,0.292337,0.782051,0.351152,0.785465,0.822390,0.173214,0.735793,0.724585,0.323529,0.622771
0.018005,0.575276,1542,1970,1136,2210,2474,2454,2177,3099,2925,1195,3342,2963,1698,2887,,0.647687,0.200683,0.066901,0.552432,0.292981,0.782051,0.351152,0.785465,0.821313,0.173214,0.735793,0.724585,0.323529,0.621399
0.017992,0.593268,1542,1971,1135,2210,2474,2454,2177,3099,2925,1195,3341,2963,1697,2888,,0.647687,0.201537,0.066315,0.552432,0.292981,0.782051,0.351152,0.785465,0.821313,0.173214,0.734796,0.724585,0.322664,0.622085
0.018002,0.611270,1542,1971,1135,2210,2474,2454,2177,3099,2925,1195,3341,2963,1697,2888,,0.647687,0.201537,0.066315,0.552432,0.292981,0.782051,0.351152,0.785465,0.821313,0.173214,0.734796,0.724585,0.322664,0.622085
0.018003,0.629273,1542,1970,1135,2210,2474,2454,2178,3098,2926,1195,3341,2963,1697,2888,,0.647687,0.200683,0.066315,0.552432,0.292981,0.782051,0.352074,0.784766,0.822390,0.173214,0.734796,0.724585,0.322664,0.622085
0.018006,0.647279,1541,1970,1135,2209,2474,2454,2177,3099,2926,1196,3341,2963,1697,2888,,0.647094,0.200683,0.066315,0.551351,0.292981,0.782051,0.351152,0.785465,0.822390,0.174107,0.734796,0.724585,0.322664,0.622085
0.017996,0.665276,1541,1970,1136,2209,2474,2454,2177,3098,2926,1195,3342,2963,1697,2888,,0.647094,0.200683,0.066901,0.551351,0.292981,0.782051,0.351152,0.784766,0.822390,0.173214,0.735793,0.724585,0.322664,0.622085
0.018009,0.683285,1542,1970,1136,2210,2474,2454,2177,3099,2926,1195,3342,2963,1697,2887,,0.647687,0.200683,0.066901,0.552432,0.292981,0.782051,0.351152,0.785465,0.822390,0.173214,0.735793,0.724585,0.322664,0.621399
0.017999,0.701284,1541,1970,1135,2210,2475,2454,2177,3099,2925,1195,3342,2962,1696,2887,,0.647094,0.200683,0.066315,0.552432,0.293625,0.782051,0.351152,0.785465,0.821313,0.173214,0.735793,0.724066,0.321799,0.621399
0.018016,0.719300,1542,1971,1135,2209,2474,2454,2177,3099,2925,1195,3341,2963,1698,2889,,0.647687,0.201537,0.066315,0.551351,0.292981,0.782051,0.351152,0.785465,0.821313,0.173214,0.734796,0.724585,0.323529,0.622771
0.017985,0.737285,1542,1970,1135,2209,2474,2454,2177,3099,2926,1196,3341,2963,1698,2889,,0.647687,0.200683,0.066315,0.551351,0.292981,0.782051,0.351152,0.785465,0.822390,0.174107,0.734796,0.724585,0.323529,0.622771
0.017997,0.755282,1541,1971,1135,2208,2474,2453,2176,3099,2925,1195,3342,2963,1698,2888,,0.647094,0.201537,0.066315,0.550270,0.292981,0.781469,0.350230,0.785465,0.821313,0.173214,0.735793,0.724585,0.323529,0.622085
0.017997,0.773279,1541,1970,1135,2209,2474,2454,2176,3098,2926,1194,3342,2963,1697,2888,,0.647094,0.200683,0.066315,0.551351,0.292981,0.782051,0.350230,0.784766,0.822390,0.172321,0.735793,0.724585,0.322664,0.622085
0.018026,0.791305,1541,1970,1135,2210,2474,2455,2176,3099,2925,1196,3342,2962,1697,2889,,0.647094,0.200683,0.066315,0.552432,0.292981,0.782634,0.350230,0.785465,0.821313,0.174107,0.735793,0.724066,0.322664,0.622771
0.018008,0.809313,1541,1970,1135,2210,2474,2455,2176,3099,2925,1196,3342,2962,1697,2889,,0.647094,0.200683,0.066315,0.552432,0.292981,0.782634,0.350230,0.785465,0.821313,0.174107,0.735793,0.724066,0.322664,0.622771
0.017978,0.827291,1542,1970,1136,2210,2474,2454,2176,3099,2926,1196,3342,2963,1698,2888,,0.647687,0.200683,0.066901,0.552432,0.292981,0.782051,0.350230,0.785465,0.822390,0.174107,0.735793,0.724585,0.323529,0.622085
0.017993,0.845284,1542,1970,1136,2210,2474,2454,2176,3099,2926,1196,3342,2963,1698,2888,,0.647687,0.200683,0.066901,0.552432,0.292981,0.782051,0.350230,0.785465,0.822390,0.174107,0.735793,0.724585,0.323529,0.622085
0.018000,0.863284,1542,1971,1136,2210,2474,2454,2176,3099,2926,1196,3341,2963,1697,2889,,0.647687,0.201537,0.066901,0.552432,0.292981,0.782051,0.350230,0.785465,0.822390,0.174107,0.734796,0.724585,0.322664,0.622771
0.018000,0.881284,1542,1971,1136,2210,2474,2454,2176,3099,2926,1195,3342,2962,1698,2889,,0.647687,0.201537,0.066901,0.552432,0.292981,0.782051,0.350230,0.785465,0.822390,0.173214,0.735793,0.724066,0.323529,0.622771
0.018008,0.899292,1542,1971,1135,2210,2473,2454,2176,3099,2926,1196,3343,2964,1698,2889,,0.647687,0.201537,0.066315,0.552432,0.292337,0.782051,0.350230,0.785465,0.822390,0.174107,0.736790,0.725104,0.323529,0.622771
0.018021,0.917313,1542,1971,1136,2210,2473,2456,2176,3099,2926,1195,3342,2963,1698,2889,,0.647687,0.201537,0.066901,0.552432,0.292337,0.783217,0.350230,0.785465,0.822390,0.173214,0.735793,0.724585,0.323529,0.622771
0.017981,0.935295,1542,1971,1136,2210,2473,2456,2176,3100,2926,1195,3342,2963,1698,2890,,0.647687,0.201537,0.066901,0.552432,0.292337,0.783217,0.350230,0.786164,0.822390,0.173214,0.735793,0.724585,0.323529,0.623457
0.018003,0.953298,1541,1971,1135,2209,2474,2456,2176,3099,2925,1196,3342,2963,1698,2889,,0.647094,0.201537,0.066315,0.551351,0.292981,0.783217,0.350230,0.785465,0.821313,0.174107,0.735793,0.724585,0.323529,0.622771
0.017970,0.971268,1542,1971,1136,2210,2474,2456,2176,3099,2925,1197,3341,2963,1698,2888,,0.647687,0.201537,0.066901,0.552432,0.292981,0.783217,0.350230,0.785465,0.821313,0.175000,0.734796,0.724585,0.323529,0.622085
0.018030,0.989298,1542,1972,1135,2209,2473,2455,2176,3099,2926,1196,3342,2963,1697,2889,,0.647687,0.202391,0.066315,0.551351,0.292337,0.782634,0.350230,0.785465,0.822390,0.174107,0.735793,0.724585,0.322664,0.622771
0.017992,1.007290,1542,1972,1136,2210,2473,2456,2176,3098,2925,1197,3341,2963,1698,2889,,0.647687,0.202391,0.066901,0.552432,0.292337,0.783217,0.350230,0.784766,0.821313,0.175000,0.734796,0.724585,0.323529,0.622771
0.018014,1.025305,1542,1971,1135,2210,2473,2455,2176,3099,2926,1196,3342,2963,1698,2888,,0.647687,0.201537,0.066315,0.552432,0.292337,0.782634,0.350230,0.785465,0.822390,0.174107,0.735793,0.724585,0.323529,0.622085
