GloveManager recording started on 10/20/16 at 17:49:43

,,Glove 1,Glove 1,Glove 1,Glove 1,Glove 1,Glove 1,Glove 1,Glove 1,Glove 1,Glove 1,Glove 1,Glove 1,Glove 1,Glove 1,,Glove 1 Scaled,Glove 1 Scaled,Glove 1 Scaled,Glove 1 Scaled,Glove 1 Scaled,Glove 1 Scaled,Glove 1 Scaled,Glove 1 Scaled,Glove 1 Scaled,Glove 1 Scaled,Glove 1 Scaled,Glove 1 Scaled,Glove 1 Scaled,Glove 1 Scaled
delta time (s), absolute time (s),Thumb Near,Thumb Far,Thumb/Index,Index Near,Index Far,Index/Middle,Middle Near,Middle Far,Middle/Ring,Ring Near,Ring Far,Ring/Little,Little Near,Little Far,,Thumb Near,Thumb Far,Thumb/Index,Index Near,Index Far,Index/Middle,Middle Near,Middle Far,Middle/Ring,Ring Near,Ring Far,Ring/Little,Little Near,Little Far
0.017485,0.017485,1506,2007,1242,2117,3303,1663,1937,2404,3007,1100,3005,2878,1498,2333,,0.626335,0.232280,0.129108,0.451892,0.826787,0.321096,0.129954,0.299790,0.909580,0.088393,0.399801,0.680498,0.150519,0.241427
0.018001,0.035486,1507,2007,1241,2117,3303,1662,1937,2404,3007,1099,3006,2878,1498,2334,,0.626928,0.232280,0.128521,0.451892,0.826787,0.320513,0.129954,0.299790,0.909580,0.087500,0.400798,0.680498,0.150519,0.242112
0.017997,0.053483,1507,2006,1241,2117,3303,1663,1937,2404,3007,1099,3005,2878,1497,2333,,0.626928,0.231426,0.128521,0.451892,0.826787,0.321096,0.129954,0.299790,0.909580,0.087500,0.399801,0.680498,0.149654,0.241427
0.017985,0.071467,1507,2006,1240,2117,3302,1662,1937,2404,3007,1099,3005,2878,1497,2332,,0.626928,0.231426,0.127934,0.451892,0.826143,0.320513,0.129954,0.299790,0.909580,0.087500,0.399801,0.680498,0.149654,0.240741
0.018017,0.089484,1507,2008,1240,2116,3302,1661,1937,2404,3006,1100,3005,2876,1497,2331,,0.626928,0.233134,0.127934,0.450811,0.826143,0.319930,0.129954,0.299790,0.908504,0.088393,0.399801,0.679461,0.149654,0.240055
0.018002,0.107486,1506,2006,1240,2116,3302,1661,1936,2404,3005,1100,3005,2876,1498,2331,,0.626335,0.231426,0.127934,0.450811,0.826143,0.319930,0.129032,0.299790,0.907427,0.088393,0.399801,0.679461,0.150519,0.240055
0.018021,0.125507,1507,2007,1239,2116,3302,1661,1936,2404,3005,1100,3005,2875,1498,2332,,0.626928,0.232280,0.127347,0.450811,0.826143,0.319930,0.129032,0.299790,0.907427,0.088393,0.399801,0.678942,0.150519,0.240741
0.017969,0.143476,1508,2007,1240,2117,3303,1662,1937,2404,3005,1100,3005,2875,1497,2331,,0.627521,0.232280,0.127934,0.451892,0.826787,0.320513,0.129954,0.299790,0.907427,0.088393,0.399801,0.678942,0.149654,0.240055
0.018015,0.161491,1508,2006,1241,2115,3303,1663,1936,2404,3005,1100,3005,2874,1496,2331,,0.627521,0.231426,0.128521,0.449730,0.826787,0.321096,0.129032,0.299790,0.907427,0.088393,0.399801,0.678423,0.148789,0.240055
0.018001,0.179492,1508,2006,1241,2115,3303,1663,1936,2404,3005,1100,3005,2874,1496,2331,,0.627521,0.231426,0.128521,0.449730,0.826787,0.321096,0.129032,0.299790,0.907427,0.088393,0.399801,0.678423,0.148789,0.240055
0.018000,0.197493,1507,2007,1241,2113,3303,1666,1936,2404,3005,1101,3005,2874,1498,2332,,0.626928,0.232280,0.128521,0.447568,0.826787,0.322844,0.129032,0.299790,0.907427,0.089286,0.399801,0.678423,0.150519,0.240741
0.017999,0.215492,1507,2007,1241,2113,3303,1666,1936,2404,3005,1101,3005,2874,1498,2332,,0.626928,0.232280,0.128521,0.447568,0.826787,0.322844,0.129032,0.299790,0.907427,0.089286,0.399801,0.678423,0.150519,0.240741
0.018002,0.233494,1507,2006,1241,2112,3304,1668,1935,2404,3003,1100,3006,2873,1498,2332,,0.626928,0.231426,0.128521,0.446486,0.827431,0.324009,0.128111,0.299790,0.905275,0.088393,0.400798,0.677905,0.150519,0.240741
0.017998,0.251493,1507,2006,1242,2111,3303,1667,1935,2404,3004,1101,3006,2873,1497,2331,,0.626928,0.231426,0.129108,0.445405,0.826787,0.323427,0.128111,0.299790,0.906351,0.089286,0.400798,0.677905,0.149654,0.240055
0.018003,0.269496,1507,2005,1243,2111,3304,1670,1936,2405,3005,1101,3006,2872,1498,2331,,0.626928,0.230572,0.129695,0.445405,0.827431,0.325175,0.129032,0.300489,0.907427,0.089286,0.400798,0.677386,0.150519,0.240055
0.018002,0.287498,1506,2005,1243,2111,3303,1670,1935,2404,3005,1101,3005,2873,1497,2332,,0.626335,0.230572,0.129695,0.445405,0.826787,0.325175,0.128111,0.299790,0.907427,0.089286,0.399801,0.677905,0.149654,0.240741
0.017997,0.305495,1506,2005,1243,2111,3304,1670,1936,2404,3003,1101,3006,2874,1497,2334,,0.626335,0.230572,0.129695,0.445405,0.827431,0.325175,0.129032,0.299790,0.905275,0.089286,0.400798,0.678423,0.149654,0.242112
0.018004,0.323499,1505,2005,1243,2111,3304,1672,1935,2404,3004,1100,3006,2874,1497,2333,,0.625741,0.230572,0.129695,0.445405,0.827431,0.326340,0.128111,0.299790,0.906351,0.088393,0.400798,0.678423,0.149654,0.241427
0.017976,0.341475,1505,2005,1243,2112,3304,1672,1936,2404,3005,1101,3005,2874,1497,2333,,0.625741,0.230572,0.129695,0.446486,0.827431,0.326340,0.129032,0.299790,0.907427,0.089286,0.399801,0.678423,0.149654,0.241427
0.018027,0.359502,1507,2005,1242,2112,3304,1672,1936,2404,3004,1102,3006,2873,1496,2332,,0.626928,0.230572,0.129108,0.446486,0.827431,0.326340,0.129032,0.299790,0.906351,0.090179,0.400798,0.677905,0.148789,0.240741
0.018000,0.377502,1506,2005,1242,2112,3303,1671,1935,2404,3004,1101,3005,2874,1497,2331,,0.626335,0.230572,0.129108,0.446486,0.826787,0.325758,0.128111,0.299790,0.906351,0.089286,0.399801,0.678423,0.149654,0.240055
0.018001,0.395503,1508,2005,1241,2113,3302,1673,1936,2404,3004,1102,3006,2873,1497,2331,,0.627521,0.230572,0.128521,0.447568,0.826143,0.326923,0.129032,0.299790,0.906351,0.090179,0.400798,0.677905,0.149654,0.240055
0.018033,0.413535,1508,2005,1240,2114,3303,1672,1936,2403,3003,1101,3005,2873,1496,2330,,0.627521,0.230572,0.127934,0.448649,0.826787,0.326340,0.129032,0.299092,0.905275,0.089286,0.399801,0.677905,0.148789,0.239369
0.017970,0.431505,1507,2004,1238,2114,3303,1671,1935,2403,3002,1100,3005,2872,1494,2328,,0.626928,0.229718,0.126761,0.448649,0.826787,0.325758,0.128111,0.299092,0.904198,0.088393,0.399801,0.677386,0.147059,0.237997
0.017996,0.449501,1506,2004,1239,2113,3303,1672,1935,2402,3003,1101,3005,2871,1497,2330,,0.626335,0.229718,0.127347,0.447568,0.826787,0.326340,0.128111,0.298393,0.905275,0.089286,0.399801,0.676867,0.149654,0.239369
0.017981,0.467482,1507,2005,1240,2113,3303,1671,1935,2404,3003,1100,3005,2871,1495,2331,,0.626928,0.230572,0.127934,0.447568,0.826787,0.325758,0.128111,0.299790,0.905275,0.088393,0.399801,0.676867,0.147924,0.240055
0.018025,0.485507,1507,2006,1240,2113,3303,1671,1935,2402,3002,1101,3005,2871,1495,2330,,0.626928,0.231426,0.127934,0.447568,0.826787,0.325758,0.128111,0.298393,0.904198,0.089286,0.399801,0.676867,0.147924,0.239369
0.018001,0.503508,1506,2004,1241,2113,3303,1672,1936,2404,3003,1101,3005,2871,1495,2330,,0.626335,0.229718,0.128521,0.447568,0.826787,0.326340,0.129032,0.299790,0.905275,0.089286,0.399801,0.676867,0.147924,0.239369
0.018002,0.521510,1506,2004,1241,2113,3304,1671,1935,2403,3003,1100,3006,2871,1495,2331,,0.626335,0.229718,0.128521,0.447568,0.827431,0.325758,0.128111,0.299092,0.905275,0.088393,0.400798,0.676867,0.147924,0.240055
0.018000,0.539510,1506,2005,1241,2112,3304,1671,1935,2403,3003,1100,3005,2871,1496,2330,,0.626335,0.230572,0.128521,0.446486,0.827431,0.325758,0.128111,0.299092,0.905275,0.088393,0.399801,0.676867,0.148789,0.239369
0.018000,0.557510,1507,2005,1241,2112,3304,1671,1936,2402,3002,1101,3005,2873,1496,2331,,0.626928,0.230572,0.128521,0.446486,0.827431,0.325758,0.129032,0.298393,0.904198,0.089286,0.399801,0.677905,0.148789,0.240055
0.018061,0.575571,1508,2005,1241,2112,3304,1672,1935,2404,3003,1102,3005,2872,1496,2329,,0.627521,0.230572,0.128521,0.446486,0.827431,0.326340,0.128111,0.299790,0.905275,0.090179,0.399801,0.677386,0.148789,0.238683
0.017939,0.593511,1508,2005,1241,2113,3304,1672,1936,2404,3003,1102,3005,2872,1496,2329,,0.627521,0.230572,0.128521,0.447568,0.827431,0.326340,0.129032,0.299790,0.905275,0.090179,0.399801,0.677386,0.148789,0.238683
0.018029,0.611540,1508,2004,1240,2112,3304,1672,1935,2403,3003,1102,3005,2872,1498,2329,,0.627521,0.229718,0.127934,0.446486,0.827431,0.326340,0.128111,0.299092,0.905275,0.090179,0.399801,0.677386,0.150519,0.238683
0.017975,0.629514,1508,2004,1241,2113,3303,1673,1936,2404,3003,1101,3005,2872,1497,2329,,0.627521,0.229718,0.128521,0.447568,0.826787,0.326923,0.129032,0.299790,0.905275,0.089286,0.399801,0.677386,0.149654,0.238683
0.018001,0.647515,1509,2004,1241,2113,3304,1672,1936,2404,3003,1102,3006,2871,1497,2328,,0.628114,0.229718,0.128521,0.447568,0.827431,0.326340,0.129032,0.299790,0.905275,0.090179,0.400798,0.676867,0.149654,0.237997
0.017998,0.665513,1508,2004,1242,2113,3304,1672,1936,2402,3003,1101,3005,2871,1496,2328,,0.627521,0.229718,0.129108,0.447568,0.827431,0.326340,0.129032,0.298393,0.905275,0.089286,0.399801,0.676867,0.148789,0.237997
0.018001,0.683514,1507,2004,1242,2113,3303,1672,1936,2403,3003,1102,3005,2871,1496,2328,,0.626928,0.229718,0.129108,0.447568,0.826787,0.326340,0.129032,0.299092,0.905275,0.090179,0.399801,0.676867,0.148789,0.237997
0.018000,0.701515,1507,2004,1242,2113,3303,1672,1936,2403,3003,1102,3005,2871,1496,2328,,0.626928,0.229718,0.129108,0.447568,0.826787,0.326340,0.129032,0.299092,0.905275,0.090179,0.399801,0.676867,0.148789,0.237997
0.017980,0.719495,1508,2004,1241,2113,3304,1672,1934,2402,3003,1101,3004,2872,1497,2329,,0.627521,0.229718,0.128521,0.447568,0.827431,0.326340,0.127189,0.298393,0.905275,0.089286,0.398804,0.677386,0.149654,0.238683
0.018022,0.737517,1508,2003,1241,2113,3304,1672,1936,2402,3004,1101,3005,2871,1496,2329,,0.627521,0.228864,0.128521,0.447568,0.827431,0.326340,0.129032,0.298393,0.906351,0.089286,0.399801,0.676867,0.148789,0.238683
0.018001,0.755517,1507,2003,1241,2114,3305,1673,1935,2402,3003,1101,3005,2871,1496,2328,,0.626928,0.228864,0.128521,0.448649,0.828075,0.326923,0.128111,0.298393,0.905275,0.089286,0.399801,0.676867,0.148789,0.237997
0.018001,0.773519,1508,2003,1240,2113,3304,1672,1935,2402,3002,1101,3004,2871,1496,2328,,0.627521,0.228864,0.127934,0.447568,0.827431,0.326340,0.128111,0.298393,0.904198,0.089286,0.398804,0.676867,0.148789,0.237997
0.018001,0.791520,1507,2003,1241,2113,3304,1673,1935,2403,3003,1101,3004,2873,1495,2329,,0.626928,0.228864,0.128521,0.447568,0.827431,0.326923,0.128111,0.299092,0.905275,0.089286,0.398804,0.677905,0.147924,0.238683
0.017980,0.809500,1507,2003,1241,2113,3304,1673,1935,2403,3003,1101,3004,2873,1495,2329,,0.626928,0.228864,0.128521,0.447568,0.827431,0.326923,0.128111,0.299092,0.905275,0.089286,0.398804,0.677905,0.147924,0.238683
0.018022,0.827522,1508,2003,1243,2112,3305,1674,1935,2403,3002,1102,3005,2871,1496,2329,,0.627521,0.228864,0.129695,0.446486,0.828075,0.327506,0.128111,0.299092,0.904198,0.090179,0.399801,0.676867,0.148789,0.238683
0.018000,0.845522,1507,2003,1242,2112,3304,1675,1936,2402,3003,1101,3005,2871,1497,2328,,0.626928,0.228864,0.129108,0.446486,0.827431,0.328089,0.129032,0.298393,0.905275,0.089286,0.399801,0.676867,0.149654,0.237997
0.018001,0.863523,1508,2003,1242,2113,3304,1675,1936,2403,3003,1101,3005,2871,1495,2327,,0.627521,0.228864,0.129108,0.447568,0.827431,0.328089,0.129032,0.299092,0.905275,0.089286,0.399801,0.676867,0.147924,0.237311
0.018001,0.881524,1508,2003,1242,2112,3304,1675,1935,2402,3002,1102,3005,2871,1496,2327,,0.627521,0.228864,0.129108,0.446486,0.827431,0.328089,0.128111,0.298393,0.904198,0.090179,0.399801,0.676867,0.148789,0.237311
0.018000,0.899525,1507,2003,1242,2112,3303,1676,1935,2403,3002,1102,3005,2871,1496,2326,,0.626928,0.228864,0.129108,0.446486,0.826787,0.328671,0.128111,0.299092,0.904198,0.090179,0.399801,0.676867,0.148789,0.236626
0.018017,0.917542,1508,2003,1241,2113,3304,1676,1936,2402,3002,1102,3004,2871,1496,2326,,0.627521,0.228864,0.128521,0.447568,0.827431,0.328671,0.129032,0.298393,0.904198,0.090179,0.398804,0.676867,0.148789,0.236626
0.017987,0.935528,1508,2003,1241,2113,3304,1676,1936,2402,3002,1102,3004,2871,1496,2326,,0.627521,0.228864,0.128521,0.447568,0.827431,0.328671,0.129032,0.298393,0.904198,0.090179,0.399801,0.676349,0.148789,0.236626
0.017999,0.953528,1508,2003,1242,2112,3304,1676,1935,2402,3002,1103,3005,2870,1496,2326,,0.627521,0.228864,0.129108,0.446486,0.827431,0.328671,0.128111,0.298393,0.904198,0.091071,0.399801,0.676349,0.148789,0.236626
0.018003,0.971531,1508,2004,1242,2113,3304,1678,1935,2403,3002,1102,3005,2870,1495,2326,,0.627521,0.229718,0.129108,0.447568,0.827431,0.329837,0.128111,0.299092,0.904198,0.090179,0.399801,0.676349,0.147924,0.236626
0.017999,0.989530,1508,2003,1241,2112,3303,1678,1935,2402,3002,1102,3004,2870,1495,2325,,0.627521,0.228864,0.128521,0.446486,0.826787,0.329837,0.128111,0.298393,0.904198,0.090179,0.398804,0.676349,0.147924,0.235940
0.017982,1.007512,1509,2004,1242,2113,3304,1679,1935,2403,3002,1101,3004,2871,1496,2327,,0.628114,0.229718,0.129108,0.447568,0.827431,0.330420,0.128111,0.299092,0.904198,0.089286,0.398804,0.676867,0.148789,0.237311
0.018020,1.025532,1509,2004,1242,2113,3304,1679,1935,2403,3002,1101,3004,2871,1496,2327,,0.628114,0.229718,0.129108,0.447568,0.827431,0.330420,0.128111,0.299092,0.904198,0.089286,0.398804,0.676867,0.148789,0.237311
0.018023,1.043555,1509,2003,1243,2112,3304,1680,1936,2403,3002,1103,3005,2871,1496,2326,,0.628114,0.228864,0.129695,0.446486,0.827431,0.331002,0.129032,0.299092,0.904198,0.091071,0.399801,0.676867,0.148789,0.236626
0.018084,1.061639,1509,2004,1242,2113,3304,1680,1936,2402,3002,1102,3005,2870,1496,2327,,0.628114,0.229718,0.129108,0.447568,0.827431,0.331002,0.129032,0.298393,0.904198,0.090179,0.399801,0.676349,0.148789,0.237311
0.017899,1.079538,1510,2003,1243,2113,3304,1680,1936,2402,3002,1103,3005,2871,1496,2326,,0.628707,0.228864,0.129695,0.447568,0.827431,0.331002,0.129032,0.298393,0.904198,0.091071,0.399801,0.676867,0.148789,0.236626
0.017997,1.097535,1509,2003,1242,2113,3303,1679,1935,2402,3002,1102,3005,2870,1496,2326,,0.628114,0.228864,0.129108,0.447568,0.826787,0.330420,0.128111,0.298393,0.904198,0.090179,0.399801,0.676349,0.148789,0.236626
0.018004,1.115539,1508,2003,1242,2113,3304,1681,1935,2402,3002,1101,3004,2870,1496,2325,,0.627521,0.228864,0.129108,0.447568,0.827431,0.331585,0.128111,0.298393,0.904198,0.089286,0.398804,0.676349,0.148789,0.235940
0.017977,1.133516,1508,2003,1243,2111,3304,1680,1935,2401,3002,1102,3004,2870,1496,2325,,0.627521,0.228864,0.129695,0.445405,0.827431,0.331002,0.128111,0.297694,0.904198,0.090179,0.398804,0.676349,0.148789,0.235940
0.018038,1.151554,1508,2003,1243,2111,3304,1680,1935,2401,3002,1102,3004,2870,1496,2325,,0.627521,0.228864,0.129695,0.445405,0.827431,0.331002,0.128111,0.297694,0.904198,0.090179,0.398804,0.676349,0.148789,0.235940
0.017988,1.169541,1508,2002,1243,2112,3305,1681,1935,2402,3002,1102,3004,2871,1495,2326,,0.627521,0.228010,0.129695,0.446486,0.828075,0.331585,0.128111,0.298393,0.904198,0.090179,0.398804,0.676867,0.147924,0.236626
0.017998,1.187539,1508,2002,1243,2112,3305,1681,1935,2402,3002,1102,3004,2871,1495,2326,,0.627521,0.228010,0.129695,0.446486,0.828075,0.331585,0.128111,0.298393,0.904198,0.090179,0.398804,0.676867,0.147924,0.236626
0.018002,1.205541,1509,2001,1244,2112,3304,1682,1935,2402,3002,1102,3004,2870,1495,2326,,0.628114,0.227156,0.130282,0.446486,0.827431,0.332168,0.128111,0.298393,0.904198,0.090179,0.398804,0.676349,0.147924,0.236626
0.018002,1.223543,1508,2002,1244,2112,3304,1682,1935,2402,3002,1102,3004,2870,1496,2327,,0.627521,0.228010,0.130282,0.446486,0.827431,0.332168,0.128111,0.298393,0.904198,0.090179,0.398804,0.676349,0.148789,0.237311
