GloveManager recording started on 10/20/16 at 17:50:03

,,Glove 1,Glove 1,Glove 1,Glove 1,Glove 1,Glove 1,Glove 1,Glove 1,Glove 1,Glove 1,Glove 1,Glove 1,Glove 1,Glove 1,,Glove 1 Scaled,Glove 1 Scaled,Glove 1 Scaled,Glove 1 Scaled,Glove 1 Scaled,Glove 1 Scaled,Glove 1 Scaled,Glove 1 Scaled,Glove 1 Scaled,Glove 1 Scaled,Glove 1 Scaled,Glove 1 Scaled,Glove 1 Scaled,Glove 1 Scaled
delta time (s), absolute time (s),Thumb Near,Thumb Far,Thumb/Index,Index Near,Index Far,Index/Middle,Middle Near,Middle Far,Middle/Ring,Ring Near,Ring Far,Ring/Little,Little Near,Little Far,,Thumb Near,Thumb Far,Thumb/Index,Index Near,Index Far,Index/Middle,Middle Near,Middle Far,Middle/Ring,Ring Near,Ring Far,Ring/Little,Little Near,Little Far
0.017291,0.017291,1438,2105,1528,2237,2482,2361,2265,3160,2941,1342,3398,2927,1885,2801,,0.586002,0.315969,0.296948,0.581622,0.298133,0.727856,0.432258,0.828092,0.838536,0.304464,0.791625,0.705913,0.485294,0.562414
0.017998,0.035289,1438,2105,1527,2235,2481,2362,2266,3160,2941,1343,3398,2927,1885,2801,,0.586002,0.315969,0.296362,0.579459,0.297489,0.728438,0.433180,0.828092,0.838536,0.305357,0.791625,0.705913,0.485294,0.562414
0.018029,0.053318,1437,2104,1527,2235,2482,2361,2267,3161,2940,1344,3398,2927,1886,2801,,0.585409,0.315115,0.296362,0.579459,0.298133,0.727856,0.434101,0.828791,0.837460,0.306250,0.791625,0.705913,0.486159,0.562414
0.018004,0.071322,1437,2104,1526,2235,2483,2361,2269,3161,2940,1345,3399,2927,1887,2802,,0.585409,0.315115,0.295775,0.579459,0.298777,0.727856,0.435945,0.828791,0.837460,0.307143,0.792622,0.705913,0.487024,0.563100
0.018000,0.089322,1436,2103,1524,2234,2482,2361,2272,3163,2941,1346,3399,2928,1888,2801,,0.584816,0.314261,0.294601,0.578378,0.298133,0.727856,0.438710,0.830189,0.838536,0.308036,0.792622,0.706432,0.487889,0.562414
0.017982,0.107304,1436,2104,1521,2233,2483,2363,2276,3163,2941,1348,3399,2928,1889,2801,,0.584816,0.315115,0.292840,0.577297,0.298777,0.729021,0.442396,0.830189,0.838536,0.309821,0.792622,0.706432,0.488754,0.562414
0.018018,0.125322,1436,2106,1517,2231,2483,2365,2281,3166,2941,1351,3399,2929,1891,2801,,0.584816,0.316823,0.290493,0.575135,0.298777,0.730186,0.447005,0.832285,0.838536,0.312500,0.792622,0.706950,0.490484,0.562414
0.018002,0.143324,1436,2106,1517,2231,2483,2365,2281,3166,2941,1351,3399,2929,1891,2801,,0.584816,0.316823,0.290493,0.575135,0.298777,0.730186,0.447005,0.832285,0.838536,0.312500,0.792622,0.706950,0.490484,0.562414
0.018000,0.161325,1437,2106,1517,2231,2485,2368,2283,3169,2941,1352,3401,2928,1892,2802,,0.585409,0.316823,0.290493,0.575135,0.300064,0.731935,0.448848,0.834382,0.838536,0.313393,0.794616,0.706432,0.491349,0.563100
0.018000,0.179325,1437,2106,1514,2230,2484,2370,2286,3170,2941,1353,3401,2928,1892,2802,,0.585409,0.316823,0.288732,0.574054,0.299420,0.733100,0.451613,0.835080,0.838536,0.314286,0.794616,0.706432,0.491349,0.563100
0.018002,0.197327,1437,2107,1513,2230,2486,2372,2288,3170,2941,1356,3402,2928,1893,2802,,0.585409,0.317677,0.288146,0.574054,0.300708,0.734266,0.453456,0.835080,0.838536,0.316964,0.795613,0.706432,0.492215,0.563100
0.017994,0.215321,1437,2108,1512,2230,2488,2374,2291,3173,2942,1358,3403,2928,1895,2802,,0.585409,0.318531,0.287559,0.574054,0.301996,0.735431,0.456221,0.837177,0.839612,0.318750,0.796610,0.706432,0.493945,0.563100
0.018012,0.233333,1437,2108,1512,2231,2489,2376,2294,3178,2943,1364,3405,2929,1897,2803,,0.585409,0.318531,0.287559,0.575135,0.302640,0.736597,0.458986,0.840671,0.840689,0.324107,0.798604,0.706950,0.495675,0.563786
0.017988,0.251321,1438,2108,1509,2233,2490,2379,2299,3181,2943,1369,3406,2930,1901,2803,,0.586002,0.318531,0.285798,0.577297,0.303284,0.738345,0.463594,0.842767,0.840689,0.328571,0.799601,0.707469,0.499135,0.563786
0.018010,0.269331,1436,2109,1508,2236,2491,2382,2305,3188,2943,1377,3412,2932,1908,2804,,0.584816,0.319385,0.285211,0.580541,0.303928,0.740093,0.469124,0.847659,0.840689,0.335714,0.805583,0.708506,0.505190,0.564472
0.017974,0.287305,1436,2109,1509,2238,2492,2383,2311,3192,2943,1384,3414,2935,1917,2805,,0.584816,0.319385,0.285798,0.582703,0.304572,0.740676,0.474654,0.850454,0.840689,0.341964,0.807577,0.710062,0.512976,0.565158
0.018027,0.305332,1435,2110,1507,2240,2493,2384,2319,3196,2941,1397,3418,2937,1931,2805,,0.584223,0.320239,0.284624,0.584865,0.305216,0.741259,0.482028,0.853249,0.838536,0.353571,0.811565,0.711100,0.525087,0.565158
0.017997,0.323329,1435,2110,1503,2242,2494,2383,2328,3199,2940,1410,3421,2941,1945,2805,,0.584223,0.320239,0.282277,0.587027,0.305860,0.740676,0.490323,0.855346,0.837460,0.365179,0.814556,0.713174,0.537197,0.565158
0.018004,0.341333,1434,2111,1500,2249,2495,2388,2345,3206,2940,1438,3425,2945,1970,2806,,0.583630,0.321093,0.280516,0.594595,0.306504,0.743590,0.505991,0.860238,0.837460,0.390179,0.818544,0.715249,0.558824,0.565844
0.017977,0.359310,1434,2111,1500,2249,2495,2388,2345,3206,2940,1438,3425,2945,1970,2806,,0.583630,0.321093,0.280516,0.594595,0.306504,0.743590,0.505991,0.860238,0.837460,0.390179,0.818544,0.715249,0.558824,0.565844
0.018025,0.377335,1433,2113,1498,2252,2495,2388,2352,3208,2938,1451,3428,2947,1980,2805,,0.583037,0.322801,0.279343,0.597838,0.306504,0.743590,0.512442,0.861635,0.835307,0.401786,0.821535,0.716286,0.567474,0.565158
0.018003,0.395338,1434,2114,1497,2253,2495,2388,2356,3210,2939,1456,3427,2949,1986,2806,,0.583630,0.323655,0.278756,0.598919,0.306504,0.743590,0.516129,0.863033,0.836383,0.406250,0.820538,0.717324,0.572664,0.565844
0.017998,0.413336,1434,2115,1495,2256,2496,2388,2364,3214,2937,1475,3431,2952,2005,2807,,0.583630,0.324509,0.277582,0.602162,0.307147,0.743590,0.523502,0.865828,0.834230,0.423214,0.824526,0.718880,0.589100,0.566530
0.018006,0.431342,1433,2115,1490,2257,2497,2386,2370,3217,2936,1490,3431,2953,2016,2807,,0.583037,0.324509,0.274648,0.603243,0.307791,0.742424,0.529032,0.867925,0.833154,0.436607,0.824526,0.719398,0.598616,0.566530
0.017987,0.449329,1434,2116,1485,2258,2498,2388,2376,3216,2936,1498,3432,2953,2024,2805,,0.583630,0.325363,0.271714,0.604324,0.308435,0.743590,0.534562,0.867226,0.833154,0.443750,0.825523,0.719398,0.605536,0.565158
0.017986,0.467314,1433,2117,1483,2259,2497,2392,2380,3217,2935,1504,3432,2954,2027,2806,,0.583037,0.326217,0.270540,0.605405,0.307791,0.745921,0.538249,0.867925,0.832078,0.449107,0.825523,0.719917,0.608131,0.565844
0.018001,0.485315,1433,2119,1479,2261,2496,2399,2381,3216,2935,1500,3432,2953,2024,2807,,0.583037,0.327925,0.268192,0.607568,0.307147,0.750000,0.539171,0.867226,0.832078,0.445536,0.825523,0.719398,0.605536,0.566530
0.018014,0.503329,1432,2118,1478,2261,2496,2403,2376,3215,2936,1493,3431,2953,2019,2806,,0.582444,0.327071,0.267606,0.607568,0.307147,0.752331,0.534562,0.866527,0.833154,0.439286,0.824526,0.719398,0.601211,0.565844
0.018000,0.521329,1434,2119,1477,2260,2496,2401,2377,3214,2936,1498,3431,2953,2027,2806,,0.583630,0.327925,0.267019,0.606486,0.307147,0.751166,0.535484,0.865828,0.833154,0.443750,0.824526,0.719398,0.608131,0.565844
0.018033,0.539363,1435,2120,1476,2260,2496,2400,2381,3216,2935,1505,3432,2954,2035,2807,,0.584223,0.328779,0.266432,0.606486,0.307147,0.750583,0.539171,0.867226,0.832078,0.450000,0.825523,0.719917,0.615052,0.566530
0.017976,0.557339,1434,2120,1473,2261,2498,2400,2384,3218,2935,1513,3432,2956,2040,2808,,0.583630,0.328779,0.264671,0.607568,0.308435,0.750583,0.541936,0.868623,0.832078,0.457143,0.825523,0.720954,0.619377,0.567215
0.018001,0.575340,1434,2120,1470,2261,2498,2401,2386,3218,2936,1516,3433,2956,2044,2807,,0.583630,0.328779,0.262911,0.607568,0.308435,0.751166,0.543779,0.868623,0.833154,0.459821,0.826520,0.720954,0.622837,0.566530
0.018002,0.593341,1434,2120,1469,2260,2499,2401,2387,3218,2936,1518,3433,2956,2045,2807,,0.583630,0.328779,0.262324,0.606486,0.309079,0.751166,0.544700,0.868623,0.833154,0.461607,0.826520,0.720954,0.623702,0.566530
0.018006,0.611347,1434,2121,1468,2261,2499,2404,2388,3219,2936,1517,3433,2956,2043,2807,,0.583630,0.329633,0.261737,0.607568,0.309079,0.752914,0.545622,0.869322,0.833154,0.460714,0.826520,0.720954,0.621972,0.566530
0.018011,0.629358,1435,2120,1467,2261,2499,2408,2384,3217,2935,1510,3433,2955,2039,2808,,0.584223,0.328779,0.261150,0.607568,0.309079,0.755245,0.541936,0.867925,0.832078,0.454464,0.826520,0.720436,0.618512,0.567215
0.017993,0.647352,1435,2120,1465,2259,2498,2413,2379,3217,2936,1499,3431,2953,2029,2808,,0.584223,0.328779,0.259977,0.605405,0.308435,0.758159,0.537327,0.867925,0.833154,0.444643,0.824526,0.719398,0.609862,0.567215
0.017973,0.665324,1435,2119,1464,2258,2499,2412,2378,3216,2936,1495,3430,2953,2028,2808,,0.584223,0.327925,0.259390,0.604324,0.309079,0.757576,0.536406,0.867226,0.833154,0.441071,0.823529,0.719398,0.608997,0.567215
0.018024,0.683348,1435,2119,1464,2258,2499,2414,2377,3215,2937,1494,3430,2953,2025,2808,,0.584223,0.327925,0.259390,0.604324,0.309079,0.758741,0.535484,0.866527,0.834230,0.440179,0.823529,0.719398,0.606401,0.567215
0.018009,0.701357,1436,2120,1463,2257,2499,2415,2375,3215,2936,1489,3430,2952,2023,2808,,0.584816,0.328779,0.258803,0.603243,0.309079,0.759324,0.533641,0.866527,0.833154,0.435714,0.823529,0.718880,0.604671,0.567215
0.018000,0.719357,1438,2120,1462,2256,2499,2417,2375,3216,2936,1487,3430,2951,2021,2807,,0.586002,0.328779,0.258216,0.602162,0.309079,0.760490,0.533641,0.867226,0.833154,0.433929,0.823529,0.718361,0.602941,0.566530
0.017994,0.737351,1438,2120,1461,2255,2500,2417,2376,3216,2936,1491,3430,2952,2023,2808,,0.586002,0.328779,0.257629,0.601081,0.309723,0.760490,0.534562,0.867226,0.833154,0.437500,0.823529,0.718880,0.604671,0.567215
0.017999,0.755350,1436,2120,1461,2256,2500,2416,2378,3216,2937,1496,3431,2953,2027,2808,,0.584816,0.328779,0.257629,0.602162,0.309723,0.759907,0.536406,0.867226,0.834230,0.441964,0.824526,0.719398,0.608131,0.567215
0.017998,0.773348,1437,2120,1460,2257,2500,2417,2381,3217,2937,1498,3430,2953,2030,2807,,0.585409,0.328779,0.257042,0.603243,0.309723,0.760490,0.539171,0.867925,0.834230,0.443750,0.823529,0.719398,0.610727,0.566530
0.018005,0.791353,1437,2121,1461,2257,2499,2417,2383,3218,2937,1502,3431,2953,2032,2808,,0.585409,0.329633,0.257629,0.603243,0.309079,0.760490,0.541014,0.868623,0.834230,0.447321,0.824526,0.719398,0.612457,0.567215
0.018008,0.809361,1438,2121,1460,2257,2501,2418,2382,3219,2936,1501,3431,2953,2032,2808,,0.586002,0.329633,0.257042,0.603243,0.310367,0.761072,0.540092,0.869322,0.833154,0.446429,0.824526,0.719398,0.612457,0.567215
0.017969,0.827330,1438,2122,1460,2257,2500,2418,2382,3218,2936,1499,3431,2953,2029,2808,,0.586002,0.330487,0.257042,0.603243,0.309723,0.761072,0.540092,0.868623,0.833154,0.444643,0.824526,0.719398,0.609862,0.567215
0.018009,0.845340,1439,2121,1458,2255,2500,2418,2380,3218,2937,1496,3431,2953,2028,2809,,0.586595,0.329633,0.255869,0.601081,0.309723,0.761072,0.538249,0.868623,0.834230,0.441964,0.824526,0.719398,0.608997,0.567901
0.018013,0.863353,1439,2120,1459,2257,2500,2421,2379,3217,2937,1495,3431,2953,2025,2809,,0.586595,0.328779,0.256455,0.603243,0.309723,0.762821,0.537327,0.867925,0.834230,0.441071,0.824526,0.719398,0.606401,0.567901
0.017981,0.881334,1438,2120,1460,2257,2500,2422,2377,3216,2936,1490,3430,2953,2023,2809,,0.586002,0.328779,0.257042,0.603243,0.309723,0.763403,0.535484,0.867226,0.833154,0.436607,0.823529,0.719398,0.604671,0.567901
0.018000,0.899334,1438,2120,1458,2257,2500,2425,2376,3216,2938,1491,3430,2952,2022,2809,,0.586002,0.328779,0.255869,0.603243,0.309723,0.765152,0.534562,0.867226,0.835307,0.437500,0.823529,0.718880,0.603806,0.567901
0.018000,0.917334,1438,2120,1459,2257,2500,2425,2375,3217,2936,1489,3429,2952,2022,2809,,0.586002,0.328779,0.256455,0.603243,0.309723,0.765152,0.533641,0.867925,0.833154,0.435714,0.822532,0.718880,0.603806,0.567901
0.018025,0.935360,1440,2121,1459,2256,2500,2425,2376,3216,2936,1489,3430,2952,2021,2808,,0.587189,0.329633,0.256455,0.602162,0.309723,0.765152,0.534562,0.867226,0.833154,0.435714,0.823529,0.718880,0.602941,0.567215
0.018016,0.953375,1439,2120,1459,2255,2499,2424,2375,3216,2937,1487,3429,2952,2021,2809,,0.586595,0.328779,0.256455,0.601081,0.309079,0.764569,0.533641,0.867226,0.834230,0.433929,0.822532,0.718880,0.602941,0.567901
0.017995,0.971370,1439,2120,1458,2256,2499,2426,2375,3216,2936,1488,3430,2952,2021,2809,,0.586595,0.328779,0.255869,0.602162,0.309079,0.765734,0.533641,0.867226,0.833154,0.434821,0.823529,0.718880,0.602941,0.567901
0.017997,0.989367,1439,2120,1457,2256,2500,2427,2376,3217,2936,1489,3430,2953,2021,2809,,0.586595,0.328779,0.255282,0.602162,0.309723,0.766317,0.534562,0.867925,0.833154,0.435714,0.823529,0.719398,0.602941,0.567901
0.017998,1.007366,1440,2121,1457,2256,2499,2426,2376,3216,2936,1490,3429,2952,2022,2809,,0.587189,0.329633,0.255282,0.602162,0.309079,0.765734,0.534562,0.867226,0.833154,0.436607,0.822532,0.718880,0.603806,0.567901
0.017949,1.025315,1438,2121,1458,2256,2499,2426,2375,3217,2936,1490,3430,2953,2021,2808,,0.586002,0.329633,0.255869,0.602162,0.309079,0.765734,0.533641,0.867925,0.833154,0.436607,0.823529,0.719398,0.602941,0.567215
0.018051,1.043366,1439,2121,1458,2256,2499,2427,2376,3216,2937,1491,3430,2952,2021,2809,,0.586595,0.329633,0.255869,0.602162,0.309079,0.766317,0.534562,0.867226,0.834230,0.437500,0.823529,0.718880,0.602941,0.567901
0.018011,1.061377,1440,2121,1458,2256,2499,2426,2377,3216,2936,1492,3430,2952,2023,2809,,0.587189,0.329633,0.255869,0.602162,0.309079,0.765734,0.535484,0.867226,0.833154,0.438393,0.823529,0.718880,0.604671,0.567901
0.017998,1.079375,1439,2120,1456,2255,2500,2425,2377,3217,2935,1493,3430,2952,2023,2808,,0.586595,0.328779,0.254695,0.601081,0.309723,0.765152,0.535484,0.867925,0.832078,0.439286,0.823529,0.718880,0.604671,0.567215
0.017995,1.097370,1440,2121,1455,2255,2499,2424,2379,3217,2936,1497,3431,2953,2024,2809,,0.587189,0.329633,0.254108,0.601081,0.309079,0.764569,0.537327,0.867925,0.833154,0.442857,0.824526,0.719398,0.605536,0.567901
0.018003,1.115373,1440,2120,1455,2255,2500,2424,2380,3217,2936,1496,3430,2953,2024,2809,,0.587189,0.328779,0.254108,0.601081,0.309723,0.764569,0.538249,0.867925,0.833154,0.441964,0.823529,0.719398,0.605536,0.567901
0.018033,1.133405,1441,2120,1456,2255,2500,2424,2379,3218,2936,1496,3430,2953,2022,2809,,0.587782,0.328779,0.254695,0.601081,0.309723,0.764569,0.537327,0.868623,0.833154,0.441964,0.823529,0.719398,0.603806,0.567901
0.017968,1.151374,1440,2121,1455,2255,2499,2426,2378,3217,2936,1494,3430,2953,2022,2808,,0.587189,0.329633,0.254108,0.601081,0.309079,0.765734,0.536406,0.867925,0.833154,0.440179,0.823529,0.719398,0.603806,0.567215
0.018006,1.169380,1440,2121,1455,2255,2499,2426,2378,3217,2936,1494,3430,2953,2022,2808,,0.587189,0.329633,0.254108,0.601081,0.309079,0.765734,0.536406,0.867925,0.833154,0.440179,0.823529,0.719398,0.603806,0.567215
0.017993,1.187374,1441,2121,1455,2255,2498,2426,2378,3216,2935,1494,3430,2952,2022,2809,,0.587782,0.329633,0.254108,0.601081,0.308435,0.765734,0.536406,0.867226,0.832078,0.440179,0.823529,0.718880,0.603806,0.567901
0.018000,1.205373,1440,2121,1456,2255,2499,2426,2377,3216,2936,1493,3430,2952,2021,2809,,0.587189,0.329633,0.254695,0.601081,0.309079,0.765734,0.535484,0.867226,0.833154,0.439286,0.823529,0.718880,0.602941,0.567901
0.017980,1.223353,1440,2121,1456,2255,2499,2426,2377,3216,2936,1493,3430,2952,2021,2809,,0.587189,0.329633,0.254695,0.601081,0.309079,0.765152,0.535484,0.867925,0.833154,0.438393,0.823529,0.718880,0.602076,0.567901
0.018050,1.241403,1440,2120,1456,2255,2498,2426,2377,3216,2936,1491,3430,2952,2020,2809,,0.587189,0.328779,0.254695,0.601081,0.308435,0.765734,0.535484,0.867226,0.833154,0.437500,0.823529,0.718880,0.602076,0.567901
0.017972,1.259376,1440,2119,1455,2255,2498,2425,2376,3216,2936,1490,3429,2952,2019,2808,,0.587189,0.327925,0.254108,0.601081,0.308435,0.765152,0.534562,0.867226,0.833154,0.436607,0.822532,0.718880,0.601211,0.567215
0.017998,1.277374,1440,2120,1455,2255,2498,2426,2376,3215,2936,1492,3430,2953,2020,2808,,0.587189,0.328779,0.254108,0.601081,0.308435,0.765734,0.534562,0.866527,0.833154,0.438393,0.823529,0.719398,0.602076,0.567215
0.018013,1.295386,1441,2120,1453,2254,2498,2426,2376,3214,2936,1489,3429,2952,2017,2808,,0.587782,0.328779,0.252934,0.600000,0.308435,0.765734,0.534562,0.865828,0.833154,0.435714,0.822532,0.718880,0.599481,0.567215
0.017992,1.313378,1441,2120,1453,2254,2498,2426,2376,3214,2936,1489,3429,2952,2017,2808,,0.587782,0.328779,0.252934,0.600000,0.308435,0.765734,0.534562,0.865828,0.833154,0.435714,0.822532,0.718880,0.599481,0.567215
0.018000,1.331378,1441,2120,1454,2254,2497,2426,2375,3215,2936,1488,3429,2952,2016,2808,,0.587782,0.328779,0.253521,0.600000,0.307791,0.765734,0.533641,0.866527,0.833154,0.434821,0.822532,0.718880,0.598616,0.567215
0.018001,1.349379,1440,2119,1453,2253,2497,2427,2375,3214,2935,1487,3429,2952,2016,2809,,0.587189,0.327925,0.252934,0.598919,0.307791,0.766317,0.533641,0.865828,0.832078,0.433929,0.822532,0.718880,0.598616,0.567901
0.018007,1.367386,1440,2120,1454,2254,2498,2427,2375,3215,2935,1487,3429,2952,2016,2808,,0.587189,0.328779,0.253521,0.600000,0.308435,0.766317,0.533641,0.866527,0.832078,0.433929,0.822532,0.718880,0.598616,0.567215
0.017994,1.385380,1439,2119,1454,2254,2497,2427,2375,3215,2935,1489,3429,2952,2016,2809,,0.586595,0.327925,0.253521,0.600000,0.307791,0.766317,0.533641,0.866527,0.832078,0.435714,0.822532,0.718880,0.598616,0.567901
