GloveManager recording started on 10/20/16 at 17:50:45

,,Glove 1,Glove 1,Glove 1,Glove 1,Glove 1,Glove 1,Glove 1,Glove 1,Glove 1,Glove 1,Glove 1,Glove 1,Glove 1,Glove 1,,Glove 1 Scaled,Glove 1 Scaled,Glove 1 Scaled,Glove 1 Scaled,Glove 1 Scaled,Glove 1 Scaled,Glove 1 Scaled,Glove 1 Scaled,Glove 1 Scaled,Glove 1 Scaled,Glove 1 Scaled,Glove 1 Scaled,Glove 1 Scaled,Glove 1 Scaled
delta time (s), absolute time (s),Thumb Near,Thumb Far,Thumb/Index,Index Near,Index Far,Index/Middle,Middle Near,Middle Far,Middle/Ring,Ring Near,Ring Far,Ring/Little,Little Near,Little Far,,Thumb Near,Thumb Far,Thumb/Index,Index Near,Index Far,Index/Middle,Middle Near,Middle Far,Middle/Ring,Ring Near,Ring Far,Ring/Little,Little Near,Little Far
0.017781,0.017781,1597,2066,1161,2477,3314,2408,2276,3090,2966,1500,3418,2304,1626,2208,,0.680308,0.282664,0.081573,0.841081,0.833870,0.755245,0.442396,0.779175,0.865447,0.445536,0.811565,0.382780,0.261246,0.155693
0.018000,0.035781,1596,2065,1160,2477,3314,2408,2274,3090,2966,1502,3419,2304,1625,2207,,0.679715,0.281810,0.080986,0.841081,0.833870,0.755245,0.440553,0.779175,0.865447,0.447321,0.812562,0.382780,0.260381,0.155007
0.018002,0.053783,1596,2066,1160,2477,3314,2408,2275,3090,2966,1500,3418,2303,1626,2207,,0.679715,0.282664,0.080986,0.841081,0.833870,0.755245,0.441475,0.779175,0.865447,0.445536,0.811565,0.382261,0.261246,0.155007
0.018001,0.071784,1596,2066,1160,2477,3314,2408,2275,3090,2966,1500,3418,2303,1626,2207,,0.679715,0.282664,0.080986,0.841081,0.833870,0.755245,0.441475,0.779175,0.865447,0.445536,0.811565,0.382261,0.261246,0.155007
0.018000,0.089784,1596,2065,1159,2476,3314,2407,2274,3089,2966,1499,3418,2299,1628,2205,,0.679715,0.281810,0.080399,0.840000,0.833870,0.754662,0.440553,0.778477,0.865447,0.444643,0.811565,0.380187,0.262976,0.153635
0.018001,0.107785,1596,2065,1159,2476,3314,2407,2274,3089,2966,1499,3418,2299,1628,2205,,0.679715,0.281810,0.080399,0.840000,0.833870,0.754662,0.440553,0.778477,0.865447,0.444643,0.811565,0.380187,0.262976,0.153635
0.018002,0.125787,1596,2065,1160,2476,3314,2408,2275,3089,2966,1498,3419,2289,1632,2205,,0.679715,0.281810,0.080986,0.840000,0.833870,0.755245,0.441475,0.778477,0.865447,0.443750,0.812562,0.375000,0.266436,0.153635
0.018000,0.143787,1596,2065,1160,2476,3314,2408,2274,3090,2967,1498,3418,2285,1632,2206,,0.679715,0.281810,0.080986,0.840000,0.833870,0.755245,0.440553,0.779175,0.866523,0.443750,0.811565,0.372925,0.266436,0.154321
0.018002,0.161789,1595,2064,1159,2475,3313,2407,2273,3090,2966,1499,3418,2289,1632,2205,,0.679122,0.280956,0.080399,0.838919,0.833226,0.754662,0.439631,0.779175,0.865447,0.444643,0.811565,0.375000,0.266436,0.153635
0.018002,0.179791,1594,2064,1160,2475,3314,2408,2274,3090,2967,1499,3418,2293,1631,2206,,0.678529,0.280956,0.080986,0.838919,0.833870,0.755245,0.440553,0.779175,0.866523,0.444643,0.811565,0.377075,0.265571,0.154321
0.018006,0.197798,1594,2064,1160,2475,3313,2408,2275,3090,2966,1498,3418,2293,1632,2206,,0.678529,0.280956,0.080986,0.838919,0.833226,0.755245,0.441475,0.779175,0.865447,0.443750,0.811565,0.377075,0.266436,0.154321
0.017992,0.215789,1595,2063,1160,2475,3314,2408,2275,3090,2966,1498,3418,2294,1633,2205,,0.679122,0.280102,0.080986,0.838919,0.833870,0.755245,0.441475,0.779175,0.865447,0.443750,0.811565,0.377593,0.267301,0.153635
0.018001,0.233790,1595,2063,1159,2475,3314,2408,2274,3090,2966,1498,3418,2293,1633,2206,,0.679122,0.280102,0.080399,0.838919,0.833870,0.755245,0.440553,0.779175,0.865447,0.443750,0.811565,0.377075,0.267301,0.154321
0.018001,0.251791,1594,2062,1159,2475,3314,2408,2272,3090,2967,1497,3418,2292,1633,2205,,0.678529,0.279249,0.080399,0.838919,0.833870,0.755245,0.438710,0.779175,0.866523,0.442857,0.811565,0.376556,0.267301,0.153635
0.018001,0.269792,1595,2062,1160,2475,3314,2407,2272,3090,2966,1498,3418,2294,1633,2205,,0.679122,0.279249,0.080986,0.838919,0.833870,0.754662,0.438710,0.779175,0.865447,0.443750,0.811565,0.377593,0.267301,0.153635
0.018002,0.287794,1595,2063,1159,2475,3314,2407,2272,3090,2966,1497,3418,2295,1632,2206,,0.679122,0.280102,0.080399,0.838919,0.833870,0.754662,0.438710,0.779175,0.865447,0.442857,0.811565,0.378112,0.266436,0.154321
0.018031,0.305825,1595,2062,1160,2474,3313,2407,2272,3091,2967,1497,3419,2296,1633,2205,,0.679122,0.279249,0.080986,0.837838,0.833226,0.754662,0.438710,0.779874,0.866523,0.442857,0.812562,0.378631,0.267301,0.153635
0.018012,0.323837,1594,2061,1159,2474,3314,2408,2271,3090,2966,1497,3418,2295,1632,2205,,0.678529,0.278395,0.080399,0.837838,0.833870,0.755245,0.437788,0.779175,0.865447,0.442857,0.811565,0.378112,0.266436,0.153635
0.017961,0.341797,1595,2062,1160,2473,3314,2407,2272,3090,2967,1497,3418,2296,1631,2205,,0.679122,0.279249,0.080986,0.836757,0.833870,0.754662,0.438710,0.779175,0.866523,0.442857,0.811565,0.378631,0.265571,0.153635
0.017999,0.359797,1595,2061,1159,2474,3314,2407,2272,3090,2966,1499,3419,2299,1631,2205,,0.679122,0.278395,0.080399,0.837838,0.833870,0.754662,0.438710,0.779175,0.865447,0.444643,0.812562,0.380187,0.265571,0.153635
0.018014,0.377811,1594,2062,1159,2474,3314,2407,2271,3090,2966,1499,3419,2302,1630,2204,,0.678529,0.279249,0.080399,0.837838,0.833870,0.754662,0.437788,0.779175,0.865447,0.444643,0.812562,0.381743,0.264706,0.152949
0.018005,0.395816,1593,2062,1159,2475,3313,2407,2272,3091,2966,1500,3419,2308,1629,2204,,0.677936,0.279249,0.080399,0.838919,0.833226,0.754662,0.438710,0.779874,0.865447,0.445536,0.812562,0.384855,0.263841,0.152949
0.017990,0.413805,1593,2062,1159,2475,3313,2407,2272,3091,2966,1500,3419,2308,1629,2204,,0.677936,0.279249,0.080399,0.838919,0.833226,0.754662,0.438710,0.779874,0.865447,0.445536,0.812562,0.384855,0.263841,0.152949
0.018034,0.431839,1594,2061,1159,2474,3313,2407,2272,3092,2965,1500,3418,2307,1628,2203,,0.678529,0.278395,0.080399,0.837838,0.833226,0.754662,0.438710,0.780573,0.864370,0.445536,0.811565,0.384336,0.262976,0.152263
0.017989,0.449828,1594,2061,1159,2474,3313,2407,2272,3092,2965,1500,3418,2307,1628,2203,,0.678529,0.278395,0.080399,0.837838,0.833226,0.754662,0.438710,0.780573,0.864370,0.445536,0.811565,0.384336,0.262976,0.152263
0.017954,0.467782,1593,2061,1160,2474,3315,2406,2272,3090,2966,1499,3418,2303,1629,2204,,0.677936,0.278395,0.080986,0.837838,0.834514,0.754079,0.438710,0.779175,0.865447,0.444643,0.811565,0.382261,0.263841,0.152949
0.018064,0.485846,1593,2061,1159,2474,3314,2406,2271,3091,2965,1500,3417,2303,1629,2204,,0.677936,0.278395,0.080399,0.837838,0.833870,0.754079,0.437788,0.779874,0.864370,0.445536,0.810568,0.382261,0.263841,0.152949
0.017956,0.503802,1594,2062,1159,2474,3314,2407,2273,3091,2966,1501,3418,2306,1630,2203,,0.678529,0.279249,0.080399,0.837838,0.833870,0.754662,0.439631,0.779874,0.865447,0.446429,0.811565,0.383817,0.264706,0.152263
0.018033,0.521836,1594,2061,1160,2474,3315,2407,2272,3091,2966,1502,3418,2307,1631,2204,,0.678529,0.278395,0.080986,0.837838,0.834514,0.754662,0.438710,0.779874,0.865447,0.447321,0.811565,0.384336,0.265571,0.152949
0.018001,0.539837,1594,2061,1159,2474,3315,2406,2271,3092,2965,1501,3418,2307,1631,2204,,0.678529,0.278395,0.080399,0.837838,0.834514,0.754079,0.437788,0.780573,0.864370,0.446429,0.811565,0.384336,0.265571,0.152949
0.017993,0.557829,1594,2061,1159,2474,3315,2406,2271,3092,2966,1501,3419,2306,1630,2204,,0.678529,0.278395,0.080399,0.837838,0.834514,0.754079,0.437788,0.780573,0.865447,0.446429,0.812562,0.383817,0.264706,0.152949
0.018011,0.575841,1593,2061,1160,2473,3315,2407,2270,3091,2966,1500,3419,2307,1631,2204,,0.677936,0.278395,0.080986,0.836757,0.834514,0.754662,0.436866,0.779874,0.865447,0.445536,0.812562,0.384336,0.265571,0.152949
0.017993,0.593834,1594,2061,1159,2474,3315,2406,2270,3092,2967,1501,3418,2309,1631,2204,,0.678529,0.278395,0.080399,0.837838,0.834514,0.754079,0.436866,0.780573,0.866523,0.446429,0.811565,0.385373,0.265571,0.152949
0.018001,0.611835,1594,2061,1159,2474,3315,2407,2271,3092,2966,1502,3418,2315,1631,2204,,0.678529,0.278395,0.080399,0.837838,0.834514,0.754662,0.437788,0.780573,0.865447,0.447321,0.811565,0.388485,0.265571,0.152949
0.017997,0.629832,1594,2060,1159,2473,3315,2407,2270,3092,2966,1502,3419,2315,1638,2204,,0.678529,0.277541,0.080399,0.836757,0.834514,0.754662,0.436866,0.780573,0.865447,0.447321,0.812562,0.388485,0.271626,0.152949
0.017981,0.647813,1594,2061,1160,2473,3315,2406,2270,3092,2965,1502,3419,2314,1637,2203,,0.678529,0.278395,0.080986,0.836757,0.834514,0.754079,0.436866,0.780573,0.864370,0.447321,0.812562,0.387967,0.270761,0.152263
0.018010,0.665823,1594,2061,1160,2473,3315,2406,2269,3091,2966,1500,3419,2315,1638,2203,,0.678529,0.278395,0.080986,0.836757,0.834514,0.754079,0.435945,0.779874,0.865447,0.445536,0.812562,0.388485,0.271626,0.152263
0.018027,0.683850,1593,2060,1159,2473,3315,2405,2268,3092,2965,1501,3418,2316,1630,2203,,0.677936,0.277541,0.080399,0.836757,0.834514,0.753497,0.435023,0.780573,0.864370,0.446429,0.811565,0.389004,0.264706,0.152263
0.017994,0.701844,1594,2060,1159,2472,3315,2406,2269,3092,2966,1501,3419,2319,1631,2204,,0.678529,0.277541,0.080399,0.835676,0.834514,0.754079,0.435945,0.780573,0.865447,0.446429,0.812562,0.390560,0.265571,0.152949
0.018017,0.719862,1594,2061,1159,2473,3315,2406,2269,3093,2966,1501,3418,2324,1630,2203,,0.678529,0.278395,0.080399,0.836757,0.834514,0.754079,0.435945,0.781272,0.865447,0.446429,0.811565,0.393154,0.264706,0.152263
0.017978,0.737840,1593,2060,1159,2472,3315,2406,2268,3093,2966,1500,3419,2330,1632,2203,,0.677936,0.277541,0.080399,0.835676,0.834514,0.754079,0.435023,0.781272,0.865447,0.445536,0.812562,0.396266,0.266436,0.152263
0.018000,0.755840,1593,2060,1159,2472,3315,2406,2269,3093,2966,1500,3418,2331,1632,2202,,0.677936,0.277541,0.080399,0.835676,0.834514,0.754079,0.435945,0.781272,0.865447,0.445536,0.811565,0.396784,0.266436,0.151578
0.018010,0.773851,1593,2059,1159,2472,3315,2406,2269,3093,2965,1499,3418,2331,1632,2202,,0.677936,0.276687,0.080399,0.835676,0.834514,0.754079,0.435945,0.781272,0.864370,0.444643,0.811565,0.396784,0.266436,0.151578
0.017999,0.791849,1593,2059,1160,2472,3315,2406,2270,3094,2966,1501,3419,2331,1632,2202,,0.677936,0.276687,0.080986,0.835676,0.834514,0.754079,0.436866,0.781971,0.865447,0.446429,0.812562,0.396784,0.266436,0.151578
0.018005,0.809855,1593,2059,1160,2472,3315,2406,2270,3094,2966,1501,3419,2331,1632,2202,,0.677936,0.276687,0.080986,0.835676,0.834514,0.754079,0.436866,0.781971,0.865447,0.446429,0.812562,0.396784,0.266436,0.151578
0.017998,0.827853,1594,2059,1159,2471,3316,2405,2269,3094,2965,1501,3419,2335,1632,2202,,0.678529,0.276687,0.080399,0.834595,0.835158,0.753497,0.435945,0.781971,0.864370,0.446429,0.812562,0.398859,0.266436,0.151578
0.018014,0.845867,1593,2059,1159,2473,3316,2405,2269,3094,2966,1502,3419,2329,1633,2202,,0.677936,0.276687,0.080399,0.836757,0.835158,0.753497,0.435945,0.781971,0.865447,0.447321,0.812562,0.395747,0.267301,0.151578
0.017978,0.863845,1593,2059,1159,2473,3316,2405,2269,3094,2966,1502,3419,2329,1633,2202,,0.677936,0.276687,0.080399,0.836757,0.835158,0.753497,0.435945,0.781971,0.865447,0.447321,0.812562,0.395747,0.267301,0.151578
0.018000,0.881846,1593,2060,1159,2473,3317,2406,2269,3096,2966,1503,3418,2326,1633,2202,,0.677936,0.277541,0.080399,0.836757,0.835802,0.754079,0.435945,0.783368,0.865447,0.448214,0.811565,0.394191,0.267301,0.151578
0.018002,0.899848,1593,2060,1160,2472,3317,2405,2269,3096,2966,1502,3419,2321,1633,2202,,0.677936,0.277541,0.080986,0.835676,0.835802,0.753497,0.435945,0.783368,0.865447,0.447321,0.812562,0.391598,0.267301,0.151578
0.018007,0.917855,1593,2061,1159,2473,3317,2406,2270,3098,2965,1503,3419,2320,1632,2202,,0.677936,0.278395,0.080399,0.836757,0.835802,0.754079,0.436866,0.784766,0.864370,0.448214,0.812562,0.391079,0.266436,0.151578
0.017993,0.935849,1593,2061,1159,2473,3317,2405,2271,3097,2966,1505,3418,2320,1632,2202,,0.677936,0.278395,0.080399,0.836757,0.835802,0.753497,0.437788,0.784067,0.865447,0.450000,0.811565,0.391079,0.266436,0.151578
0.018011,0.953860,1593,2062,1160,2474,3318,2405,2271,3098,2966,1506,3419,2322,1634,2202,,0.677936,0.279249,0.080986,0.837838,0.836446,0.753497,0.437788,0.784766,0.865447,0.450893,0.812562,0.392116,0.268166,0.151578
0.017999,0.971859,1593,2062,1160,2474,3318,2405,2271,3098,2966,1506,3419,2322,1634,2202,,0.677936,0.279249,0.080986,0.837838,0.836446,0.753497,0.437788,0.784766,0.865447,0.450893,0.812562,0.392116,0.268166,0.151578
0.018002,0.989862,1592,2060,1158,2473,3318,2405,2271,3098,2965,1505,3417,2320,1632,2202,,0.677343,0.277541,0.079812,0.836757,0.836446,0.753497,0.437788,0.784766,0.864370,0.450000,0.810568,0.391079,0.266436,0.151578
0.018001,1.007862,1593,2060,1160,2473,3318,2405,2271,3098,2966,1505,3417,2320,1633,2202,,0.677936,0.277541,0.080986,0.836757,0.836446,0.753497,0.437788,0.784766,0.865447,0.450000,0.810568,0.391079,0.267301,0.151578
0.018024,1.025886,1594,2060,1158,2473,3318,2404,2270,3098,2966,1505,3418,2321,1633,2202,,0.678529,0.277541,0.079812,0.836757,0.836446,0.752914,0.436866,0.784766,0.865447,0.450000,0.811565,0.391598,0.267301,0.151578
0.017972,1.043858,1593,2060,1159,2472,3318,2405,2271,3097,2966,1506,3419,2321,1633,2202,,0.677936,0.277541,0.080399,0.835676,0.836446,0.753497,0.437788,0.784067,0.865447,0.450893,0.812562,0.391598,0.267301,0.151578
0.018011,1.061869,1593,2059,1159,2473,3318,2404,2270,3097,2966,1505,3419,2322,1633,2202,,0.677936,0.276687,0.080399,0.836757,0.836446,0.752914,0.436866,0.784067,0.865447,0.450000,0.812562,0.392116,0.267301,0.151578
0.018010,1.079879,1594,2059,1159,2473,3317,2405,2271,3097,2966,1505,3419,2324,1633,2202,,0.678529,0.276687,0.080399,0.836757,0.835802,0.753497,0.437788,0.784067,0.865447,0.450000,0.812562,0.393154,0.267301,0.151578
0.017985,1.097864,1594,2059,1160,2473,3318,2405,2270,3098,2966,1505,3419,2323,1634,2202,,0.678529,0.276687,0.080986,0.836757,0.836446,0.753497,0.436866,0.784766,0.865447,0.450000,0.812562,0.392635,0.268166,0.151578
0.018007,1.115871,1593,2059,1159,2472,3318,2405,2270,3099,2965,1505,3418,2322,1633,2202,,0.677936,0.276687,0.080399,0.835676,0.836446,0.753497,0.436866,0.785465,0.864370,0.450000,0.811565,0.392116,0.267301,0.151578
0.017951,1.133821,1593,2060,1159,2472,3318,2404,2271,3099,2966,1505,3419,2323,1634,2202,,0.677936,0.277541,0.080399,0.835676,0.836446,0.752914,0.437788,0.785465,0.865447,0.450000,0.812562,0.392635,0.268166,0.151578
0.018029,1.151850,1593,2059,1160,2472,3318,2405,2271,3098,2966,1505,3418,2325,1633,2201,,0.677936,0.276687,0.080986,0.835676,0.836446,0.753497,0.437788,0.784766,0.865447,0.450000,0.811565,0.393672,0.267301,0.150892
0.018025,1.169875,1592,2059,1160,2472,3319,2404,2271,3098,2966,1505,3419,2327,1634,2201,,0.677343,0.276687,0.080986,0.835676,0.837089,0.752914,0.437788,0.784766,0.865447,0.450000,0.812562,0.394710,0.268166,0.150892
0.017991,1.187866,1593,2058,1159,2472,3318,2404,2271,3098,2966,1504,3419,2328,1634,2201,,0.677936,0.275833,0.080399,0.835676,0.836446,0.752914,0.437788,0.784766,0.865447,0.449107,0.812562,0.395228,0.268166,0.150892
