GloveManager recording started on 10/20/16 at 17:50:50

,,Glove 1,Glove 1,Glove 1,Glove 1,Glove 1,Glove 1,Glove 1,Glove 1,Glove 1,Glove 1,Glove 1,Glove 1,Glove 1,Glove 1,,Glove 1 Scaled,Glove 1 Scaled,Glove 1 Scaled,Glove 1 Scaled,Glove 1 Scaled,Glove 1 Scaled,Glove 1 Scaled,Glove 1 Scaled,Glove 1 Scaled,Glove 1 Scaled,Glove 1 Scaled,Glove 1 Scaled,Glove 1 Scaled,Glove 1 Scaled
delta time (s), absolute time (s),Thumb Near,Thumb Far,Thumb/Index,Index Near,Index Far,Index/Middle,Middle Near,Middle Far,Middle/Ring,Ring Near,Ring Far,Ring/Little,Little Near,Little Far,,Thumb Near,Thumb Far,Thumb/Index,Index Near,Index Far,Index/Middle,Middle Near,Middle Far,Middle/Ring,Ring Near,Ring Far,Ring/Little,Little Near,Little Far
0.017190,0.017190,1586,2093,1148,2521,3373,2415,2386,3137,2931,1617,3437,2627,1691,2266,,0.673784,0.305722,0.073944,0.888649,0.871861,0.759324,0.543779,0.812020,0.827772,0.550000,0.830508,0.550311,0.317474,0.195473
0.018001,0.035190,1586,2096,1148,2522,3373,2414,2386,3138,2931,1619,3436,2628,1691,2272,,0.673784,0.308284,0.073944,0.889730,0.871861,0.758741,0.543779,0.812718,0.827772,0.551786,0.829511,0.550830,0.317474,0.199588
0.018025,0.053215,1586,2096,1148,2522,3372,2414,2387,3139,2931,1620,3438,2625,1688,2285,,0.673784,0.308284,0.073944,0.889730,0.871217,0.758741,0.544700,0.813417,0.827772,0.552679,0.831505,0.549274,0.314879,0.208505
0.017975,0.071190,1587,2097,1148,2520,3372,2414,2384,3138,2932,1617,3439,2599,1685,2335,,0.674377,0.309137,0.073944,0.887568,0.871217,0.758741,0.541936,0.812718,0.828848,0.550000,0.832502,0.535788,0.312284,0.242798
0.018030,0.089220,1587,2097,1148,2520,3372,2414,2384,3138,2932,1617,3439,2599,1685,2335,,0.674377,0.309137,0.073944,0.887568,0.871217,0.758741,0.541936,0.812718,0.828848,0.550000,0.832502,0.535788,0.312284,0.242798
0.017964,0.107184,1586,2097,1148,2520,3373,2414,2381,3140,2932,1617,3439,2582,1684,2361,,0.673784,0.309137,0.073944,0.887568,0.871861,0.758741,0.539171,0.814116,0.828848,0.550000,0.832502,0.526971,0.311419,0.260631
0.018029,0.125213,1586,2097,1148,2520,3373,2414,2381,3140,2932,1617,3439,2582,1684,2361,,0.673784,0.309137,0.073944,0.887568,0.871861,0.758741,0.539171,0.814116,0.828848,0.550000,0.832502,0.526971,0.311419,0.260631
0.018022,0.143235,1586,2098,1148,2520,3372,2415,2385,3139,2932,1619,3441,2580,1684,2363,,0.673784,0.309991,0.073944,0.887568,0.871217,0.759324,0.542857,0.813417,0.828848,0.551786,0.834496,0.525934,0.311419,0.262003
0.017996,0.161232,1586,2097,1148,2521,3373,2415,2385,3140,2933,1619,3440,2568,1684,2362,,0.673784,0.309137,0.073944,0.888649,0.871861,0.759324,0.542857,0.814116,0.829925,0.551786,0.833499,0.519710,0.311419,0.261317
0.017970,0.179201,1586,2097,1148,2521,3373,2414,2384,3139,2932,1618,3439,2556,1683,2362,,0.673784,0.309137,0.073944,0.888649,0.871861,0.758741,0.541936,0.813417,0.828848,0.550893,0.832502,0.513485,0.310554,0.261317
0.018000,0.197202,1586,2097,1148,2520,3372,2415,2382,3140,2932,1615,3439,2549,1683,2363,,0.673784,0.309137,0.073944,0.887568,0.871217,0.759324,0.540092,0.814116,0.828848,0.548214,0.832502,0.509855,0.310554,0.262003
0.018022,0.215223,1586,2097,1149,2520,3372,2415,2383,3140,2932,1615,3439,2527,1682,2364,,0.673784,0.309137,0.074531,0.887568,0.871217,0.759324,0.541014,0.814116,0.828848,0.548214,0.832502,0.498444,0.309689,0.262689
0.018007,0.233231,1586,2097,1149,2520,3372,2415,2383,3140,2932,1615,3439,2527,1682,2364,,0.673784,0.309137,0.074531,0.887568,0.871217,0.759324,0.541014,0.814116,0.828848,0.548214,0.832502,0.498444,0.309689,0.262689
0.018005,0.251235,1586,2096,1148,2520,3371,2414,2385,3140,2932,1615,3439,2509,1685,2352,,0.673784,0.308284,0.073944,0.887568,0.870573,0.758741,0.542857,0.814116,0.828848,0.548214,0.832502,0.489108,0.312284,0.254458
0.017994,0.269230,1586,2095,1148,2520,3372,2414,2385,3138,2932,1615,3438,2492,1688,2339,,0.673784,0.307430,0.073944,0.887568,0.871217,0.758741,0.542857,0.812718,0.828848,0.548214,0.831505,0.480290,0.314879,0.245542
0.018028,0.287258,1586,2094,1148,2521,3370,2413,2385,3138,2932,1614,3435,2470,1689,2320,,0.673784,0.306576,0.073944,0.888649,0.869929,0.758159,0.542857,0.812718,0.828848,0.547321,0.828514,0.468880,0.315744,0.232510
0.017957,0.305215,1586,2093,1148,2520,3370,2413,2386,3137,2932,1614,3435,2434,1694,2291,,0.673784,0.305722,0.073944,0.887568,0.869929,0.758159,0.543779,0.812020,0.828848,0.547321,0.828514,0.450207,0.320069,0.212620
0.018019,0.323234,1586,2093,1148,2520,3370,2413,2386,3137,2932,1614,3435,2434,1694,2291,,0.673784,0.305722,0.073944,0.887568,0.869929,0.758159,0.543779,0.812020,0.828848,0.547321,0.828514,0.450207,0.320069,0.212620
0.017996,0.341230,1587,2094,1148,2522,3370,2412,2390,3137,2931,1617,3433,2405,1697,2273,,0.674377,0.306576,0.073944,0.889730,0.869929,0.757576,0.547465,0.812020,0.827772,0.550000,0.826520,0.435166,0.322664,0.200274
0.018000,0.359230,1587,2094,1148,2523,3370,2412,2392,3135,2931,1617,3433,2390,1698,2267,,0.674377,0.306576,0.073944,0.890811,0.869929,0.757576,0.549309,0.810622,0.827772,0.550000,0.826520,0.427386,0.323529,0.196159
0.018000,0.377231,1587,2093,1148,2523,3369,2412,2393,3135,2931,1617,3433,2379,1699,2260,,0.674377,0.305722,0.073944,0.890811,0.869285,0.757576,0.550230,0.810622,0.827772,0.550000,0.826520,0.421681,0.324394,0.191358
0.018010,0.395241,1587,2091,1147,2523,3369,2411,2392,3134,2931,1617,3432,2362,1700,2256,,0.674377,0.304014,0.073357,0.890811,0.869285,0.756993,0.549309,0.809923,0.827772,0.550000,0.825523,0.412863,0.325260,0.188615
0.017993,0.413235,1587,2092,1147,2523,3368,2410,2392,3135,2930,1617,3432,2349,1701,2253,,0.674377,0.304868,0.073357,0.890811,0.868641,0.756410,0.549309,0.810622,0.826695,0.550000,0.825523,0.406120,0.326125,0.186557
0.017978,0.431213,1588,2093,1147,2524,3369,2411,2392,3136,2931,1618,3432,2345,1700,2252,,0.674970,0.305722,0.073357,0.891892,0.869285,0.756993,0.549309,0.811321,0.827772,0.550893,0.825523,0.404046,0.325260,0.185871
0.018031,0.449244,1587,2094,1147,2525,3368,2410,2395,3138,2931,1622,3433,2359,1699,2251,,0.674377,0.306576,0.073357,0.892973,0.868641,0.756410,0.552074,0.812718,0.827772,0.554464,0.826520,0.411307,0.324394,0.185185
0.017989,0.467233,1587,2094,1147,2525,3368,2409,2396,3137,2930,1621,3433,2352,1699,2249,,0.674377,0.306576,0.073357,0.892973,0.868641,0.755827,0.552995,0.812020,0.826695,0.553571,0.826520,0.407676,0.324394,0.183813
0.018002,0.485235,1587,2092,1146,2524,3368,2409,2394,3136,2931,1622,3431,2344,1699,2247,,0.674377,0.304868,0.072770,0.891892,0.868641,0.755827,0.551152,0.811321,0.827772,0.554464,0.824526,0.403527,0.324394,0.182442
0.018002,0.503237,1587,2091,1147,2524,3368,2409,2394,3135,2930,1622,3430,2345,1700,2246,,0.674377,0.304014,0.073357,0.891892,0.868641,0.755827,0.551152,0.810622,0.826695,0.554464,0.823529,0.404046,0.325260,0.181756
0.018003,0.521240,1588,2091,1147,2524,3368,2408,2393,3136,2931,1622,3431,2344,1700,2245,,0.674970,0.304014,0.073357,0.891892,0.868641,0.755245,0.550230,0.811321,0.827772,0.554464,0.824526,0.403527,0.325260,0.181070
0.018001,0.539241,1587,2092,1148,2525,3368,2409,2395,3136,2930,1623,3431,2341,1701,2244,,0.674377,0.304868,0.073944,0.892973,0.868641,0.755827,0.552074,0.811321,0.826695,0.555357,0.824526,0.401971,0.326125,0.180384
0.018019,0.557260,1587,2092,1147,2525,3368,2409,2395,3136,2930,1623,3430,2342,1700,2243,,0.674377,0.304868,0.073357,0.892973,0.868641,0.755827,0.552074,0.811321,0.826695,0.555357,0.823529,0.402490,0.325260,0.179698
0.017992,0.575252,1588,2092,1147,2525,3368,2408,2396,3136,2931,1624,3430,2339,1700,2243,,0.674970,0.304868,0.073357,0.892973,0.868641,0.755245,0.552995,0.811321,0.827772,0.556250,0.823529,0.400934,0.325260,0.179698
0.018000,0.593252,1587,2092,1148,2525,3368,2409,2397,3136,2930,1624,3430,2340,1701,2243,,0.674377,0.304868,0.073944,0.892973,0.868641,0.755827,0.553917,0.811321,0.826695,0.556250,0.823529,0.401452,0.326125,0.179698
0.017993,0.611244,1588,2092,1147,2525,3368,2408,2397,3136,2929,1625,3430,2339,1701,2242,,0.674970,0.304868,0.073357,0.892973,0.868641,0.755245,0.553917,0.811321,0.825619,0.557143,0.823529,0.400934,0.326125,0.179012
0.018000,0.629244,1587,2092,1148,2525,3368,2408,2397,3136,2930,1624,3429,2337,1702,2242,,0.674377,0.304868,0.073944,0.892973,0.868641,0.755245,0.553917,0.811321,0.826695,0.556250,0.822532,0.399896,0.326990,0.179012
0.018003,0.647248,1588,2092,1147,2525,3368,2408,2397,3136,2930,1625,3430,2337,1702,2242,,0.674970,0.304868,0.073357,0.892973,0.868641,0.755245,0.553917,0.811321,0.826695,0.557143,0.823529,0.399896,0.326990,0.179012
0.018008,0.665256,1588,2093,1148,2525,3368,2408,2397,3137,2930,1625,3430,2335,1701,2242,,0.674970,0.305722,0.073944,0.892973,0.868641,0.755245,0.553917,0.812020,0.826695,0.557143,0.823529,0.398859,0.326125,0.179012
0.017994,0.683250,1587,2092,1148,2525,3368,2408,2396,3138,2929,1625,3429,2335,1702,2241,,0.674377,0.304868,0.073944,0.892973,0.868641,0.755245,0.552995,0.812718,0.825619,0.557143,0.822532,0.398859,0.326990,0.178326
0.017949,0.701199,1587,2092,1148,2525,3368,2407,2396,3138,2929,1624,3430,2335,1703,2241,,0.674377,0.304868,0.073944,0.892973,0.868641,0.754662,0.552995,0.812718,0.825619,0.556250,0.823529,0.398859,0.327855,0.178326
0.018052,0.719250,1587,2092,1148,2525,3368,2407,2396,3138,2929,1624,3430,2335,1703,2241,,0.674377,0.304868,0.073944,0.892973,0.868641,0.754662,0.552995,0.812718,0.825619,0.556250,0.823529,0.398859,0.327855,0.178326
0.018000,0.737251,1587,2093,1147,2525,3369,2407,2398,3138,2930,1624,3429,2333,1702,2240,,0.674377,0.305722,0.073357,0.892973,0.869285,0.754662,0.554839,0.812718,0.826695,0.556250,0.822532,0.397822,0.326990,0.177641
0.018003,0.755254,1588,2093,1147,2525,3368,2407,2397,3138,2929,1625,3429,2334,1703,2241,,0.674970,0.305722,0.073357,0.892973,0.868641,0.754662,0.553917,0.812718,0.825619,0.557143,0.822532,0.398340,0.327855,0.178326
0.018001,0.773255,1587,2093,1147,2525,3368,2407,2396,3138,2930,1625,3429,2334,1702,2240,,0.674377,0.305722,0.073357,0.892973,0.868641,0.754662,0.552995,0.812718,0.826695,0.557143,0.822532,0.398340,0.326990,0.177641
0.017993,0.791248,1588,2094,1148,2524,3368,2406,2396,3140,2930,1626,3427,2332,1703,2240,,0.674970,0.306576,0.073944,0.891892,0.868641,0.754079,0.552995,0.814116,0.826695,0.558036,0.820538,0.397303,0.327855,0.177641
0.018003,0.809251,1588,2094,1148,2524,3368,2406,2396,3140,2930,1626,3427,2332,1703,2240,,0.674970,0.306576,0.073944,0.891892,0.868641,0.754079,0.552995,0.814116,0.826695,0.558036,0.820538,0.397303,0.327855,0.177641
0.018001,0.827252,1587,2094,1148,2525,3369,2406,2398,3140,2930,1626,3428,2331,1703,2240,,0.674377,0.306576,0.073944,0.892973,0.869285,0.754079,0.554839,0.814116,0.826695,0.558036,0.821535,0.396784,0.327855,0.177641
0.018024,0.845275,1587,2094,1148,2525,3369,2406,2398,3140,2930,1626,3428,2331,1703,2240,,0.674377,0.306576,0.073944,0.892973,0.869285,0.754079,0.554839,0.814116,0.826695,0.558036,0.821535,0.396784,0.327855,0.177641
0.017979,0.863254,1588,2094,1148,2525,3369,2406,2397,3140,2929,1625,3428,2331,1703,2240,,0.674970,0.306576,0.073944,0.892973,0.869285,0.754079,0.553917,0.814116,0.825619,0.557143,0.821535,0.396784,0.327855,0.177641
0.018004,0.881258,1588,2094,1148,2525,3369,2406,2397,3139,2930,1626,3428,2329,1703,2240,,0.674970,0.306576,0.073944,0.892973,0.869285,0.754079,0.553917,0.813417,0.826695,0.558036,0.821535,0.395747,0.327855,0.177641
0.018002,0.899259,1587,2095,1149,2524,3369,2406,2396,3139,2930,1625,3427,2323,1702,2239,,0.674377,0.307430,0.074531,0.891892,0.869285,0.754079,0.552995,0.813417,0.826695,0.557143,0.820538,0.392635,0.326990,0.176955
0.017974,0.917233,1587,2095,1148,2525,3369,2406,2396,3140,2930,1625,3426,2322,1703,2240,,0.674377,0.307430,0.073944,0.892973,0.869285,0.754079,0.552995,0.814116,0.826695,0.557143,0.819541,0.392116,0.327855,0.177641
0.017999,0.935232,1587,2095,1149,2525,3369,2406,2396,3140,2930,1626,3427,2326,1703,2240,,0.674377,0.307430,0.074531,0.892973,0.869285,0.754079,0.552995,0.814116,0.826695,0.558036,0.820538,0.394191,0.327855,0.177641
0.018008,0.953241,1587,2095,1149,2525,3369,2406,2396,3140,2930,1626,3427,2326,1703,2240,,0.674377,0.307430,0.074531,0.892973,0.869285,0.754079,0.552995,0.814116,0.826695,0.558036,0.820538,0.394191,0.327855,0.177641
0.017994,0.971234,1587,2095,1149,2526,3369,2405,2396,3140,2930,1627,3428,2329,1703,2239,,0.674377,0.307430,0.074531,0.894054,0.869285,0.753497,0.552995,0.814116,0.826695,0.558929,0.821535,0.395747,0.327855,0.176955
0.018044,0.989278,1587,2095,1148,2525,3369,2405,2396,3140,2930,1626,3427,2329,1704,2240,,0.674377,0.307430,0.073944,0.892973,0.869285,0.753497,0.552995,0.814116,0.826695,0.558036,0.820538,0.395747,0.328720,0.177641
0.017988,1.007266,1588,2095,1149,2525,3369,2406,2396,3140,2930,1626,3428,2327,1704,2240,,0.674970,0.307430,0.074531,0.892973,0.869285,0.754079,0.552995,0.814116,0.826695,0.558036,0.821535,0.394710,0.328720,0.177641
0.018012,1.025278,1588,2095,1149,2525,3369,2405,2395,3140,2930,1626,3428,2326,1703,2238,,0.674970,0.307430,0.074531,0.892973,0.869285,0.753497,0.552074,0.814116,0.826695,0.558036,0.821535,0.394191,0.327855,0.176269
0.017963,1.043241,1587,2094,1148,2524,3369,2405,2395,3140,2930,1627,3428,2328,1704,2238,,0.674377,0.306576,0.073944,0.891892,0.869285,0.753497,0.552074,0.814116,0.826695,0.558929,0.821535,0.395228,0.328720,0.176269
0.017997,1.061239,1587,2094,1148,2524,3369,2405,2395,3140,2930,1627,3428,2328,1704,2238,,0.674377,0.306576,0.073944,0.891892,0.869285,0.753497,0.552074,0.814116,0.826695,0.558929,0.821535,0.395228,0.328720,0.176269
0.018023,1.079262,1588,2096,1149,2524,3369,2405,2395,3140,2930,1628,3427,2329,1704,2238,,0.674970,0.308284,0.074531,0.891892,0.869285,0.753497,0.552074,0.814116,0.826695,0.559821,0.820538,0.395747,0.328720,0.176269
0.018004,1.097266,1587,2095,1149,2525,3368,2405,2394,3139,2930,1628,3426,2327,1704,2238,,0.674377,0.307430,0.074531,0.892973,0.868641,0.753497,0.551152,0.813417,0.826695,0.559821,0.819541,0.394710,0.328720,0.176269
0.017976,1.115242,1588,2095,1149,2525,3369,2405,2394,3140,2930,1628,3426,2326,1705,2239,,0.674970,0.307430,0.074531,0.892973,0.869285,0.753497,0.551152,0.814116,0.826695,0.559821,0.819541,0.394191,0.329585,0.176955
0.018026,1.133268,1588,2094,1149,2524,3369,2405,2393,3141,2930,1628,3426,2327,1705,2238,,0.674970,0.306576,0.074531,0.891892,0.869285,0.753497,0.550230,0.814815,0.826695,0.559821,0.819541,0.394710,0.329585,0.176269
0.018008,1.151276,1588,2094,1149,2524,3369,2405,2393,3141,2930,1628,3426,2327,1705,2238,,0.674970,0.306576,0.074531,0.891892,0.869285,0.753497,0.550230,0.814815,0.826695,0.559821,0.819541,0.394710,0.329585,0.176269
0.017970,1.169247,1588,2093,1149,2523,3370,2405,2393,3140,2930,1628,3427,2331,1705,2238,,0.674970,0.305722,0.074531,0.890811,0.869929,0.753497,0.550230,0.814116,0.826695,0.559821,0.820538,0.396784,0.329585,0.176269
0.018029,1.187276,1588,2093,1149,2524,3369,2405,2395,3140,2930,1629,3426,2330,1705,2238,,0.674970,0.305722,0.074531,0.891892,0.869285,0.753497,0.552074,0.814116,0.826695,0.560714,0.819541,0.396266,0.329585,0.176269
0.018005,1.205281,1587,2094,1149,2525,3370,2405,2395,3139,2930,1628,3426,2330,1706,2239,,0.674377,0.306576,0.074531,0.892973,0.869929,0.753497,0.552074,0.813417,0.826695,0.559821,0.819541,0.396266,0.330450,0.176955
0.017969,1.223250,1588,2094,1149,2524,3370,2405,2394,3140,2931,1629,3425,2330,1706,2238,,0.674970,0.306576,0.074531,0.891892,0.869929,0.753497,0.551152,0.814116,0.827772,0.560714,0.818544,0.396266,0.330450,0.176269
0.018000,1.241250,1587,2093,1149,2524,3369,2404,2394,3140,2931,1628,3426,2330,1706,2238,,0.674377,0.305722,0.074531,0.891892,0.869285,0.752914,0.551152,0.814116,0.827772,0.559821,0.819541,0.396266,0.330450,0.176269
0.018022,1.259272,1587,2094,1149,2524,3370,2405,2394,3139,2930,1628,3425,2329,1705,2237,,0.674377,0.306576,0.074531,0.891892,0.869929,0.753497,0.551152,0.813417,0.826695,0.559821,0.818544,0.395747,0.329585,0.175583
0.017999,1.277271,1587,2094,1149,2524,3370,2405,2394,3140,2930,1629,3426,2328,1705,2237,,0.674377,0.306576,0.074531,0.891892,0.869929,0.753497,0.551152,0.814116,0.826695,0.560714,0.819541,0.395228,0.329585,0.175583
0.018034,1.295305,1587,2094,1149,2524,3370,2405,2394,3140,2930,1629,3426,2328,1705,2237,,0.674377,0.306576,0.074531,0.891892,0.869929,0.753497,0.551152,0.814116,0.826695,0.560714,0.819541,0.395228,0.329585,0.175583
0.017978,1.313282,1587,2093,1149,2524,3369,2404,2393,3141,2931,1628,3425,2325,1706,2237,,0.674377,0.305722,0.074531,0.891892,0.869285,0.752914,0.550230,0.814815,0.827772,0.559821,0.818544,0.393672,0.330450,0.175583
