GloveManager recording started on 10/20/16 at 17:53:08

,,Glove 1,Glove 1,Glove 1,Glove 1,Glove 1,Glove 1,Glove 1,Glove 1,Glove 1,Glove 1,Glove 1,Glove 1,Glove 1,Glove 1,,Glove 1 Scaled,Glove 1 Scaled,Glove 1 Scaled,Glove 1 Scaled,Glove 1 Scaled,Glove 1 Scaled,Glove 1 Scaled,Glove 1 Scaled,Glove 1 Scaled,Glove 1 Scaled,Glove 1 Scaled,Glove 1 Scaled,Glove 1 Scaled,Glove 1 Scaled
delta time (s), absolute time (s),Thumb Near,Thumb Far,Thumb/Index,Index Near,Index Far,Index/Middle,Middle Near,Middle Far,Middle/Ring,Ring Near,Ring Far,Ring/Little,Little Near,Little Far,,Thumb Near,Thumb Far,Thumb/Index,Index Near,Index Far,Index/Middle,Middle Near,Middle Far,Middle/Ring,Ring Near,Ring Far,Ring/Little,Little Near,Little Far
0.017218,0.017218,1352,1990,1685,2141,2403,1915,2239,2481,2656,1657,3541,3014,1979,2934,,0.534994,0.217763,0.389085,0.477838,0.247263,0.467949,0.408295,0.353599,0.531755,0.585714,0.934197,0.751037,0.566609,0.653635
0.018012,0.035229,1351,1987,1682,2142,2404,1914,2243,2478,2655,1655,3541,3014,1979,2935,,0.534401,0.215201,0.387324,0.478919,0.247907,0.467366,0.411982,0.351502,0.530678,0.583929,0.934197,0.751037,0.566609,0.654321
0.017999,0.053229,1352,1986,1682,2142,2403,1915,2245,2477,2656,1656,3541,3014,1980,2936,,0.534994,0.214347,0.387324,0.478919,0.247263,0.467949,0.413825,0.350804,0.531755,0.584821,0.934197,0.751037,0.567474,0.655007
0.018003,0.071232,1352,1985,1681,2141,2403,1915,2245,2477,2656,1655,3540,3014,1979,2936,,0.534994,0.213493,0.386737,0.477838,0.247263,0.467949,0.413825,0.350804,0.531755,0.583929,0.933200,0.751037,0.566609,0.655007
0.017990,0.089222,1352,1985,1681,2141,2403,1915,2246,2476,2656,1657,3541,3015,1980,2936,,0.534994,0.213493,0.386737,0.477838,0.247263,0.467949,0.414747,0.350105,0.531755,0.585714,0.934197,0.751556,0.567474,0.655007
0.018002,0.107224,1352,1985,1681,2141,2403,1915,2247,2475,2657,1654,3540,3014,1979,2935,,0.534994,0.213493,0.386737,0.477838,0.247263,0.467949,0.415668,0.349406,0.532831,0.583036,0.933200,0.751037,0.566609,0.654321
0.017988,0.125212,1352,1985,1682,2141,2404,1914,2245,2475,2657,1655,3541,3014,1979,2936,,0.534994,0.213493,0.387324,0.477838,0.247907,0.467366,0.413825,0.349406,0.532831,0.583929,0.934197,0.751037,0.566609,0.655007
0.018021,0.143233,1352,1985,1682,2142,2403,1914,2244,2474,2657,1654,3541,3014,1979,2936,,0.534994,0.213493,0.387324,0.478919,0.247263,0.467366,0.412903,0.348707,0.532831,0.583036,0.934197,0.751037,0.566609,0.655007
0.018001,0.161234,1353,1985,1682,2142,2403,1913,2245,2474,2658,1653,3541,3014,1978,2936,,0.535587,0.213493,0.387324,0.478919,0.247263,0.466783,0.413825,0.348707,0.533907,0.582143,0.934197,0.751037,0.565744,0.655007
0.018001,0.179235,1353,1985,1682,2142,2403,1913,2245,2474,2658,1653,3541,3014,1978,2936,,0.535587,0.213493,0.387324,0.478919,0.247263,0.466783,0.413825,0.348707,0.533907,0.582143,0.934197,0.751037,0.565744,0.655007
0.017970,0.197204,1352,1985,1681,2143,2404,1915,2248,2471,2658,1652,3540,3014,1978,2936,,0.534994,0.213493,0.386737,0.480000,0.247907,0.467949,0.416590,0.346611,0.533907,0.581250,0.933200,0.751037,0.565744,0.655007
0.018026,0.215231,1352,1985,1682,2142,2404,1915,2248,2471,2659,1651,3542,3014,1977,2936,,0.534994,0.213493,0.387324,0.478919,0.247907,0.467949,0.416590,0.346611,0.534984,0.580357,0.935194,0.751037,0.564879,0.655007
0.018009,0.233240,1352,1985,1681,2141,2404,1913,2246,2472,2659,1651,3540,3014,1978,2936,,0.534994,0.213493,0.386737,0.477838,0.247907,0.466783,0.414747,0.347310,0.534984,0.580357,0.933200,0.751037,0.565744,0.655007
0.017992,0.251232,1352,1985,1681,2140,2404,1913,2247,2471,2658,1651,3541,3015,1977,2936,,0.534994,0.213493,0.386737,0.476757,0.247907,0.466783,0.415668,0.346611,0.533907,0.580357,0.934197,0.751556,0.564879,0.655007
0.017998,0.269230,1352,1985,1681,2142,2403,1914,2248,2470,2659,1649,3541,3014,1977,2936,,0.534994,0.213493,0.386737,0.478919,0.247263,0.467366,0.416590,0.345912,0.534984,0.578571,0.934197,0.751037,0.564879,0.655007
0.018003,0.287234,1352,1985,1681,2142,2403,1914,2248,2470,2659,1649,3541,3014,1977,2936,,0.534994,0.213493,0.386737,0.478919,0.247263,0.467366,0.416590,0.345912,0.534984,0.578571,0.934197,0.751037,0.564879,0.655007
0.017998,0.305232,1351,1984,1680,2143,2403,1916,2249,2468,2660,1649,3541,3014,1977,2937,,0.534401,0.212639,0.386150,0.480000,0.247263,0.468531,0.417512,0.344514,0.536060,0.578571,0.934197,0.751037,0.564879,0.655693
0.018004,0.323236,1352,1984,1681,2144,2403,1917,2251,2468,2661,1651,3541,3014,1976,2937,,0.534994,0.212639,0.386737,0.481081,0.247263,0.469114,0.419355,0.344514,0.537137,0.580357,0.934197,0.751037,0.564014,0.655693
0.018006,0.341242,1351,1985,1679,2144,2404,1917,2250,2466,2661,1650,3541,3014,1976,2937,,0.534401,0.213493,0.385563,0.481081,0.247907,0.469114,0.418433,0.343117,0.537137,0.579464,0.934197,0.751037,0.564014,0.655693
0.017975,0.359217,1350,1984,1679,2146,2403,1918,2251,2466,2662,1648,3541,3013,1976,2936,,0.533808,0.212639,0.385563,0.483243,0.247263,0.469697,0.419355,0.343117,0.538213,0.577679,0.934197,0.750519,0.564014,0.655007
0.017997,0.377215,1351,1986,1678,2147,2403,1920,2253,2465,2662,1647,3540,3014,1976,2937,,0.534401,0.214347,0.384977,0.484324,0.247263,0.470862,0.421198,0.342418,0.538213,0.576786,0.933200,0.751037,0.564014,0.655693
0.018022,0.395237,1351,1986,1678,2147,2403,1920,2253,2465,2662,1647,3540,3014,1976,2937,,0.534401,0.214347,0.384977,0.484324,0.247263,0.470862,0.421198,0.342418,0.538213,0.576786,0.933200,0.751037,0.564014,0.655693
0.018001,0.413237,1350,1986,1677,2149,2404,1922,2256,2463,2663,1645,3541,3014,1976,2937,,0.533808,0.214347,0.384390,0.486486,0.247907,0.472028,0.423963,0.341020,0.539290,0.575000,0.934197,0.751037,0.564014,0.655693
0.018012,0.431249,1351,1985,1676,2148,2403,1921,2256,2462,2662,1646,3541,3013,1975,2938,,0.534401,0.213493,0.383803,0.485405,0.247263,0.471445,0.423963,0.340321,0.538213,0.575893,0.934197,0.750519,0.563149,0.656379
0.017999,0.449249,1350,1986,1676,2150,2404,1922,2257,2463,2663,1645,3541,3012,1975,2937,,0.533808,0.214347,0.383803,0.487568,0.247907,0.472028,0.424885,0.341020,0.539290,0.575000,0.934197,0.750000,0.563149,0.655693
0.017992,0.467241,1351,1985,1674,2150,2404,1923,2257,2462,2664,1644,3541,3012,1976,2938,,0.534401,0.213493,0.382629,0.487568,0.247907,0.472611,0.424885,0.340321,0.540366,0.574107,0.934197,0.750000,0.564014,0.656379
0.018009,0.485249,1352,1985,1674,2151,2403,1924,2257,2462,2664,1643,3541,3014,1976,2938,,0.534994,0.213493,0.382629,0.488649,0.247263,0.473193,0.424885,0.340321,0.540366,0.573214,0.934197,0.751037,0.564014,0.656379
0.017992,0.503242,1350,1985,1672,2152,2403,1923,2259,2462,2664,1646,3541,3013,1977,2939,,0.533808,0.213493,0.381455,0.489730,0.247263,0.472611,0.426728,0.340321,0.540366,0.575893,0.934197,0.750519,0.564879,0.657064
0.018002,0.521244,1351,1985,1671,2151,2403,1924,2259,2461,2665,1646,3541,3013,1977,2939,,0.534401,0.213493,0.380869,0.488649,0.247263,0.473193,0.426728,0.339623,0.541442,0.575893,0.934197,0.750519,0.564879,0.657064
0.018000,0.539244,1351,1985,1671,2153,2404,1925,2259,2460,2665,1645,3541,3013,1975,2940,,0.534401,0.213493,0.380869,0.490811,0.247907,0.473776,0.426728,0.338924,0.541442,0.575000,0.934197,0.750519,0.563149,0.657750
0.018003,0.557248,1351,1983,1670,2152,2403,1928,2259,2460,2665,1645,3541,3012,1976,2940,,0.534401,0.211785,0.380282,0.489730,0.247263,0.475524,0.426728,0.338924,0.541442,0.575000,0.934197,0.750000,0.564014,0.657750
0.018009,0.575257,1351,1981,1666,2153,2403,1928,2261,2460,2666,1646,3541,3014,1976,2940,,0.534401,0.210077,0.377934,0.490811,0.247263,0.475524,0.428571,0.338924,0.542519,0.575893,0.934197,0.751037,0.564014,0.657750
0.017991,0.593247,1351,1981,1666,2153,2403,1928,2261,2460,2666,1646,3541,3014,1976,2940,,0.534401,0.210077,0.377934,0.490811,0.247263,0.475524,0.428571,0.338924,0.542519,0.575893,0.934197,0.751037,0.564014,0.657750
0.017992,0.611240,1351,1978,1664,2153,2403,1929,2261,2459,2666,1645,3541,3013,1976,2940,,0.534401,0.207515,0.376761,0.490811,0.247263,0.476107,0.428571,0.338225,0.542519,0.575000,0.934197,0.750519,0.564014,0.657750
0.018029,0.629269,1351,1978,1664,2153,2403,1929,2261,2459,2666,1645,3541,3013,1976,2940,,0.534401,0.207515,0.376761,0.490811,0.247263,0.476107,0.428571,0.338225,0.542519,0.575000,0.934197,0.750519,0.564014,0.657750
0.017960,0.647229,1351,1979,1665,2153,2403,1929,2261,2461,2664,1646,3541,3013,1976,2944,,0.534401,0.208369,0.377347,0.490811,0.247263,0.476107,0.428571,0.339623,0.540366,0.575893,0.934197,0.750519,0.564014,0.660494
0.018006,0.665235,1351,1979,1665,2153,2403,1929,2261,2461,2664,1646,3541,3013,1976,2944,,0.534401,0.208369,0.377347,0.490811,0.247263,0.476107,0.428571,0.339623,0.540366,0.575893,0.934197,0.750519,0.564014,0.660494
0.018025,0.683260,1351,1979,1664,2155,2403,1930,2265,2459,2667,1647,3542,3013,1977,2944,,0.534401,0.208369,0.376761,0.492973,0.247263,0.476690,0.432258,0.338225,0.543595,0.576786,0.935194,0.750519,0.564879,0.660494
0.018004,0.701264,1351,1980,1664,2157,2403,1932,2264,2459,2666,1647,3541,3013,1976,2944,,0.534401,0.209223,0.376761,0.495135,0.247263,0.477855,0.431336,0.338225,0.542519,0.576786,0.934197,0.750519,0.564014,0.660494
0.018003,0.719267,1352,1979,1665,2156,2403,1930,2264,2457,2667,1644,3542,3012,1975,2944,,0.534994,0.208369,0.377347,0.494054,0.247263,0.476690,0.431336,0.336827,0.543595,0.574107,0.935194,0.750000,0.563149,0.660494
0.018000,0.737267,1352,1979,1665,2156,2402,1928,2263,2456,2667,1642,3541,3012,1975,2944,,0.534994,0.208369,0.377347,0.494054,0.246619,0.475524,0.430415,0.336129,0.543595,0.572321,0.934197,0.750000,0.563149,0.660494
0.018000,0.755267,1352,1979,1665,2156,2402,1927,2264,2456,2667,1642,3542,3013,1974,2944,,0.534994,0.208369,0.377347,0.494054,0.246619,0.474942,0.431336,0.336129,0.543595,0.572321,0.935194,0.750519,0.562284,0.660494
0.017993,0.773260,1352,1979,1666,2157,2403,1925,2263,2456,2667,1641,3542,3011,1974,2944,,0.534994,0.208369,0.377934,0.495135,0.247263,0.473776,0.430415,0.336129,0.543595,0.571429,0.935194,0.749481,0.562284,0.660494
0.017972,0.791233,1352,1980,1667,2156,2402,1925,2262,2455,2667,1639,3542,3012,1975,2944,,0.534994,0.209223,0.378521,0.494054,0.246619,0.473776,0.429493,0.335430,0.543595,0.569643,0.935194,0.750000,0.563149,0.660494
0.018032,0.809264,1352,1979,1666,2155,2402,1924,2261,2455,2667,1638,3541,3012,1973,2943,,0.534994,0.208369,0.377934,0.492973,0.246619,0.473193,0.428571,0.335430,0.543595,0.568750,0.934197,0.750000,0.561419,0.659808
0.017999,0.827264,1351,1978,1666,2156,2401,1925,2261,2456,2668,1638,3541,3012,1974,2944,,0.534401,0.207515,0.377934,0.494054,0.245976,0.473776,0.428571,0.336129,0.544672,0.568750,0.934197,0.750000,0.562284,0.660494
0.017999,0.845263,1353,1979,1668,2157,2403,1926,2261,2456,2667,1638,3541,3012,1974,2944,,0.535587,0.208369,0.379108,0.495135,0.247263,0.474359,0.428571,0.336129,0.543595,0.568750,0.934197,0.750000,0.562284,0.660494
0.018010,0.863272,1352,1979,1666,2157,2401,1928,2263,2455,2668,1637,3540,3012,1973,2944,,0.534994,0.208369,0.377934,0.495135,0.245976,0.475524,0.430415,0.335430,0.544672,0.567857,0.933200,0.750000,0.561419,0.660494
0.017987,0.881260,1353,1979,1667,2156,2401,1929,2262,2456,2669,1638,3542,3012,1973,2943,,0.535587,0.208369,0.378521,0.494054,0.245976,0.476107,0.429493,0.336129,0.545748,0.568750,0.935194,0.750000,0.561419,0.659808
0.018019,0.899278,1352,1978,1666,2155,2402,1929,2263,2455,2669,1638,3541,3012,1973,2943,,0.534994,0.207515,0.377934,0.492973,0.246619,0.476107,0.430415,0.335430,0.545748,0.568750,0.934197,0.750000,0.561419,0.659808
0.017993,0.917271,1351,1978,1665,2154,2401,1930,2263,2455,2669,1637,3541,3012,1972,2943,,0.534401,0.207515,0.377347,0.491892,0.245976,0.476690,0.430415,0.335430,0.545748,0.567857,0.934197,0.750000,0.560554,0.659808
0.018012,0.935283,1352,1978,1664,2155,2400,1929,2263,2455,2669,1637,3541,3012,1973,2942,,0.534994,0.207515,0.376761,0.492973,0.245332,0.476107,0.430415,0.335430,0.545748,0.567857,0.934197,0.750000,0.561419,0.659122
0.017984,0.953267,1352,1978,1665,2155,2401,1928,2263,2455,2669,1638,3541,3012,1973,2943,,0.534994,0.207515,0.377347,0.492973,0.245976,0.475524,0.430415,0.335430,0.545748,0.568750,0.934197,0.750000,0.561419,0.659808
0.018005,0.971272,1351,1978,1665,2154,2401,1929,2263,2456,2669,1637,3541,3011,1973,2943,,0.534401,0.207515,0.377347,0.491892,0.245976,0.476107,0.430415,0.336129,0.545748,0.567857,0.934197,0.749481,0.561419,0.659808
0.018006,0.989278,1351,1979,1665,2154,2402,1927,2262,2455,2669,1638,3541,3012,1972,2942,,0.534401,0.208369,0.377347,0.491892,0.246619,0.474942,0.429493,0.335430,0.545748,0.568750,0.934197,0.750000,0.560554,0.659122
0.018018,1.007296,1351,1979,1665,2154,2402,1927,2262,2455,2669,1638,3541,3012,1972,2942,,0.534401,0.208369,0.377347,0.491892,0.246619,0.474942,0.429493,0.335430,0.545748,0.568750,0.934197,0.750000,0.560554,0.659122
0.017961,1.025257,1352,1978,1664,2154,2401,1926,2262,2454,2670,1637,3542,3012,1971,2942,,0.534994,0.207515,0.376761,0.491892,0.245976,0.474359,0.429493,0.334731,0.546825,0.567857,0.935194,0.750000,0.559689,0.659122
0.017992,1.043249,1351,1978,1663,2154,2401,1927,2263,2454,2669,1638,3541,3012,1972,2943,,0.534401,0.207515,0.376174,0.491892,0.245976,0.474942,0.430415,0.334731,0.545748,0.568750,0.934197,0.750000,0.560554,0.659808
0.018036,1.061285,1351,1978,1665,2156,2401,1928,2263,2454,2670,1637,3541,3012,1972,2943,,0.534401,0.207515,0.377347,0.494054,0.245976,0.475524,0.430415,0.334731,0.546825,0.567857,0.934197,0.750000,0.560554,0.659808
0.017993,1.079278,1351,1978,1663,2155,2400,1930,2263,2454,2670,1636,3542,3012,1972,2943,,0.534401,0.207515,0.376174,0.492973,0.245332,0.476690,0.430415,0.334731,0.546825,0.566964,0.935194,0.750000,0.560554,0.659808
0.017952,1.097230,1350,1978,1663,2155,2401,1931,2263,2453,2671,1636,3541,3012,1971,2942,,0.533808,0.207515,0.376174,0.492973,0.245976,0.477273,0.430415,0.334032,0.547901,0.566964,0.934197,0.750000,0.559689,0.659122
