GloveManager recording started on 10/20/16 at 17:53:22

,,Glove 1,Glove 1,Glove 1,Glove 1,Glove 1,Glove 1,Glove 1,Glove 1,Glove 1,Glove 1,Glove 1,Glove 1,Glove 1,Glove 1,,Glove 1 Scaled,Glove 1 Scaled,Glove 1 Scaled,Glove 1 Scaled,Glove 1 Scaled,Glove 1 Scaled,Glove 1 Scaled,Glove 1 Scaled,Glove 1 Scaled,Glove 1 Scaled,Glove 1 Scaled,Glove 1 Scaled,Glove 1 Scaled,Glove 1 Scaled
delta time (s), absolute time (s),Thumb Near,Thumb Far,Thumb/Index,Index Near,Index Far,Index/Middle,Middle Near,Middle Far,Middle/Ring,Ring Near,Ring Far,Ring/Little,Little Near,Little Far,,Thumb Near,Thumb Far,Thumb/Index,Index Near,Index Far,Index/Middle,Middle Near,Middle Far,Middle/Ring,Ring Near,Ring Far,Ring/Little,Little Near,Little Far
0.017428,0.017428,1354,2010,1573,2248,2398,2014,2518,2443,2724,1773,3531,3051,2066,2903,,0.536180,0.234842,0.323357,0.593513,0.244044,0.525641,0.665438,0.327044,0.604952,0.689286,0.924227,0.770228,0.641869,0.632373
0.017995,0.035423,1354,2010,1573,2248,2398,2014,2518,2443,2724,1773,3531,3051,2066,2903,,0.536180,0.234842,0.323357,0.593513,0.244044,0.525641,0.665438,0.327044,0.604952,0.689286,0.924227,0.770228,0.641869,0.632373
0.017998,0.053421,1354,2008,1573,2248,2398,2028,2507,2446,2726,1770,3530,3050,2064,2902,,0.536180,0.233134,0.323357,0.593513,0.244044,0.533800,0.655300,0.329140,0.607104,0.686607,0.923230,0.769710,0.640138,0.631687
0.018000,0.071422,1354,2008,1574,2248,2398,2046,2497,2450,2731,1768,3530,3050,2062,2903,,0.536180,0.233134,0.323944,0.593513,0.244044,0.544289,0.646083,0.331936,0.612487,0.684821,0.923230,0.769710,0.638408,0.632373
0.017999,0.089421,1354,2007,1578,2246,2398,2078,2473,2454,2737,1764,3531,3049,2061,2902,,0.536180,0.232280,0.326291,0.591351,0.244044,0.562937,0.623963,0.334731,0.618945,0.681250,0.924227,0.769191,0.637543,0.631687
0.018005,0.107426,1354,2006,1579,2246,2397,2087,2465,2455,2737,1764,3530,3050,2060,2902,,0.536180,0.231426,0.326878,0.591351,0.243400,0.568182,0.616590,0.335430,0.618945,0.681250,0.923230,0.769710,0.636678,0.631687
0.018000,0.125426,1354,2006,1579,2246,2396,2087,2464,2452,2739,1764,3530,3050,2060,2901,,0.536180,0.231426,0.326878,0.591351,0.242756,0.568182,0.615668,0.333333,0.621098,0.681250,0.923230,0.769710,0.636678,0.631001
0.018027,0.143453,1353,2006,1580,2246,2397,2088,2465,2450,2738,1764,3529,3050,2060,2902,,0.535587,0.231426,0.327465,0.591351,0.243400,0.568765,0.616590,0.331936,0.620022,0.681250,0.922233,0.769710,0.636678,0.631687
0.017971,0.161424,1354,2006,1580,2246,2396,2088,2465,2448,2739,1765,3530,3050,2060,2901,,0.536180,0.231426,0.327465,0.591351,0.242756,0.568765,0.616590,0.330538,0.621098,0.682143,0.923230,0.769710,0.636678,0.631001
0.018021,0.179445,1353,2005,1580,2246,2397,2088,2466,2447,2740,1766,3530,3050,2060,2901,,0.535587,0.230572,0.327465,0.591351,0.243400,0.568765,0.617512,0.329839,0.622174,0.683036,0.923230,0.769710,0.636678,0.631001
0.017982,0.197427,1354,2004,1580,2246,2397,2086,2468,2446,2739,1767,3530,3050,2061,2901,,0.536180,0.229718,0.327465,0.591351,0.243400,0.567599,0.619355,0.329140,0.621098,0.683929,0.923230,0.769710,0.637543,0.631001
0.018019,0.215446,1354,2005,1581,2243,2397,2083,2474,2443,2739,1769,3529,3049,2061,2900,,0.536180,0.230572,0.328052,0.588108,0.243400,0.565851,0.624885,0.327044,0.621098,0.685714,0.922233,0.769191,0.637543,0.630315
0.017998,0.233444,1354,2004,1580,2243,2398,2081,2475,2443,2739,1768,3530,3050,2060,2900,,0.536180,0.229718,0.327465,0.588108,0.244044,0.564685,0.625806,0.327044,0.621098,0.684821,0.923230,0.769710,0.636678,0.630315
0.017998,0.251442,1354,2004,1581,2243,2398,2080,2475,2442,2739,1767,3529,3049,2061,2900,,0.536180,0.229718,0.328052,0.588108,0.244044,0.564103,0.625806,0.326345,0.621098,0.683929,0.922233,0.769191,0.637543,0.630315
0.018008,0.269450,1353,2004,1581,2243,2397,2079,2478,2442,2739,1767,3530,3049,2060,2901,,0.535587,0.229718,0.328052,0.588108,0.243400,0.563520,0.628571,0.326345,0.621098,0.683929,0.923230,0.769191,0.636678,0.631001
0.017983,0.287432,1353,2004,1581,2242,2397,2076,2481,2440,2738,1767,3529,3049,2060,2900,,0.535587,0.229718,0.328052,0.587027,0.243400,0.561772,0.631336,0.324948,0.620022,0.683929,0.922233,0.769191,0.636678,0.630315
0.018005,0.305437,1354,2004,1582,2243,2398,2071,2485,2440,2737,1767,3530,3049,2061,2900,,0.536180,0.229718,0.328638,0.588108,0.244044,0.558858,0.635023,0.324948,0.618945,0.683929,0.923230,0.769191,0.637543,0.630315
0.017996,0.323433,1354,2004,1582,2243,2398,2071,2485,2440,2737,1767,3530,3049,2061,2900,,0.536180,0.229718,0.328638,0.588108,0.244044,0.558858,0.635023,0.324948,0.618945,0.683929,0.923230,0.769191,0.637543,0.630315
0.018002,0.341436,1353,2003,1582,2243,2397,2062,2494,2439,2735,1766,3529,3047,2061,2900,,0.535587,0.228864,0.328638,0.588108,0.243400,0.553613,0.643318,0.324249,0.616792,0.683036,0.922233,0.768154,0.637543,0.630315
0.018004,0.359440,1353,2003,1582,2244,2398,2059,2497,2438,2735,1764,3530,3047,2060,2900,,0.535587,0.228864,0.328638,0.589189,0.244044,0.551865,0.646083,0.323550,0.616792,0.681250,0.923230,0.768154,0.636678,0.630315
0.018025,0.377464,1353,2003,1582,2245,2398,2059,2497,2437,2734,1764,3531,3047,2060,2900,,0.535587,0.228864,0.328638,0.590270,0.244044,0.551865,0.646083,0.322851,0.615716,0.681250,0.924227,0.768154,0.636678,0.630315
0.017988,0.395452,1352,2002,1581,2244,2397,2057,2496,2435,2735,1763,3530,3047,2060,2900,,0.534994,0.228010,0.328052,0.589189,0.243400,0.550699,0.645161,0.321454,0.616792,0.680357,0.923230,0.768154,0.636678,0.630315
0.017984,0.413436,1353,2004,1581,2244,2398,2057,2497,2435,2734,1763,3531,3046,2060,2901,,0.535587,0.229718,0.328052,0.589189,0.244044,0.550699,0.646083,0.321454,0.615716,0.680357,0.924227,0.767635,0.636678,0.631001
0.018009,0.431445,1353,2003,1582,2243,2398,2058,2494,2434,2736,1759,3530,3045,2059,2900,,0.535587,0.228864,0.328638,0.588108,0.244044,0.551282,0.643318,0.320755,0.617869,0.676786,0.923230,0.767116,0.635813,0.630315
0.017995,0.449440,1353,2003,1582,2243,2398,2058,2494,2434,2736,1759,3530,3045,2059,2900,,0.535587,0.228864,0.328638,0.588108,0.244044,0.551282,0.643318,0.320755,0.617869,0.676786,0.923230,0.767116,0.635813,0.630315
0.018013,0.467454,1352,2002,1581,2242,2397,2056,2492,2433,2735,1758,3530,3044,2059,2900,,0.534994,0.228010,0.328052,0.587027,0.243400,0.550117,0.641475,0.320056,0.616792,0.675893,0.923230,0.766598,0.635813,0.630315
0.017993,0.485446,1352,2002,1582,2242,2398,2058,2493,2433,2736,1758,3530,3045,2059,2900,,0.534994,0.228010,0.328638,0.587027,0.244044,0.551282,0.642396,0.320056,0.617869,0.675893,0.923230,0.767116,0.635813,0.630315
0.018006,0.503453,1352,2001,1581,2242,2398,2057,2493,2432,2736,1756,3530,3044,2058,2900,,0.534994,0.227156,0.328052,0.587027,0.244044,0.550699,0.642396,0.319357,0.617869,0.674107,0.923230,0.766598,0.634948,0.630315
0.018004,0.521456,1353,2001,1582,2242,2397,2057,2494,2432,2736,1756,3529,3044,2058,2900,,0.535587,0.227156,0.328638,0.587027,0.243400,0.550699,0.643318,0.319357,0.617869,0.674107,0.922233,0.766598,0.634948,0.630315
0.017989,0.539445,1353,2001,1582,2243,2398,2056,2494,2433,2737,1756,3528,3043,2058,2900,,0.535587,0.227156,0.328638,0.588108,0.244044,0.550117,0.643318,0.320056,0.618945,0.674107,0.921236,0.766079,0.634948,0.630315
0.017952,0.557397,1353,2002,1582,2243,2398,2057,2494,2432,2736,1755,3529,3043,2058,2900,,0.535587,0.228010,0.328638,0.588108,0.244044,0.550699,0.643318,0.319357,0.617869,0.673214,0.922233,0.766079,0.634948,0.630315
0.018001,0.575398,1352,2001,1582,2243,2398,2058,2494,2432,2737,1755,3530,3043,2058,2900,,0.534994,0.227156,0.328638,0.588108,0.244044,0.551282,0.643318,0.319357,0.618945,0.673214,0.923230,0.766079,0.634948,0.630315
0.018053,0.593451,1352,2001,1581,2243,2398,2057,2494,2431,2736,1755,3530,3043,2058,2900,,0.534994,0.227156,0.328052,0.588108,0.244044,0.550699,0.643318,0.318658,0.617869,0.673214,0.923230,0.766079,0.634948,0.630315
0.018003,0.611454,1352,2002,1581,2242,2398,2056,2494,2431,2736,1755,3529,3043,2058,2900,,0.534994,0.228010,0.328052,0.587027,0.244044,0.550117,0.643318,0.318658,0.617869,0.673214,0.922233,0.766079,0.634948,0.630315
0.018013,0.629467,1352,2001,1581,2244,2397,2054,2498,2430,2735,1755,3529,3042,2058,2900,,0.534994,0.227156,0.328052,0.589189,0.243400,0.548951,0.647005,0.317959,0.616792,0.673214,0.922233,0.765560,0.634948,0.630315
0.017988,0.647455,1351,2001,1580,2244,2398,2053,2501,2429,2736,1756,3529,3043,2058,2900,,0.534401,0.227156,0.327465,0.589189,0.244044,0.548368,0.649770,0.317261,0.617869,0.674107,0.922233,0.766079,0.634948,0.630315
0.017998,0.665453,1351,2002,1580,2246,2398,2051,2506,2431,2735,1757,3529,3043,2058,2900,,0.534401,0.228010,0.327465,0.591351,0.244044,0.547203,0.654378,0.318658,0.616792,0.675000,0.922233,0.766079,0.634948,0.630315
0.017995,0.683448,1351,2002,1580,2246,2398,2051,2506,2431,2735,1757,3529,3043,2058,2900,,0.534401,0.228010,0.327465,0.591351,0.244044,0.547203,0.654378,0.318658,0.616792,0.675000,0.922233,0.766079,0.634948,0.630315
0.018019,0.701467,1351,2001,1579,2246,2398,2050,2509,2431,2734,1757,3530,3043,2059,2900,,0.534401,0.227156,0.326878,0.591351,0.244044,0.546620,0.657143,0.318658,0.615716,0.675000,0.923230,0.766079,0.635813,0.630315
0.017964,0.719431,1351,2002,1578,2246,2398,2049,2509,2431,2734,1759,3530,3043,2059,2900,,0.534401,0.228010,0.326291,0.591351,0.244044,0.546037,0.657143,0.318658,0.615716,0.676786,0.923230,0.766079,0.635813,0.630315
0.018020,0.737451,1351,2002,1577,2246,2397,2048,2509,2430,2735,1759,3530,3043,2059,2900,,0.534401,0.228010,0.325704,0.591351,0.243400,0.545455,0.657143,0.317959,0.616792,0.676786,0.923230,0.766079,0.635813,0.630315
0.018001,0.755453,1350,2001,1577,2246,2398,2048,2510,2430,2734,1759,3529,3044,2060,2901,,0.533808,0.227156,0.325704,0.591351,0.244044,0.545455,0.658065,0.317959,0.615716,0.676786,0.922233,0.766598,0.636678,0.631001
0.018004,0.773456,1351,2002,1578,2247,2398,2048,2510,2431,2735,1760,3529,3043,2060,2901,,0.534401,0.228010,0.326291,0.592432,0.244044,0.545455,0.658065,0.318658,0.616792,0.677679,0.922233,0.766079,0.636678,0.631001
0.017997,0.791453,1351,2001,1578,2246,2398,2048,2510,2429,2734,1760,3530,3044,2060,2901,,0.534401,0.227156,0.326291,0.591351,0.244044,0.545455,0.658065,0.317261,0.615716,0.677679,0.923230,0.766598,0.636678,0.631001
0.018004,0.809457,1351,2002,1577,2247,2396,2048,2511,2429,2734,1759,3530,3043,2060,2901,,0.534401,0.228010,0.325704,0.592432,0.242756,0.545455,0.658986,0.317261,0.615716,0.676786,0.923230,0.766079,0.636678,0.631001
0.017986,0.827443,1351,2002,1577,2247,2396,2048,2511,2429,2734,1759,3530,3043,2060,2901,,0.534401,0.228010,0.325704,0.592432,0.242756,0.545455,0.658986,0.317261,0.615716,0.676786,0.923230,0.766079,0.636678,0.631001
0.018013,0.845456,1350,2001,1577,2245,2397,2046,2510,2429,2734,1759,3531,3043,2059,2901,,0.533808,0.227156,0.325704,0.590270,0.243400,0.544289,0.658065,0.317261,0.615716,0.676786,0.924227,0.766079,0.635813,0.631001
0.018003,0.863459,1350,2001,1577,2245,2397,2046,2510,2429,2734,1759,3531,3043,2059,2901,,0.533808,0.227156,0.325704,0.590270,0.243400,0.544289,0.658065,0.317261,0.615716,0.676786,0.924227,0.766079,0.635813,0.631001
0.018004,0.881464,1351,2001,1577,2245,2397,2046,2510,2429,2734,1758,3532,3043,2060,2902,,0.534401,0.227156,0.325704,0.590270,0.243400,0.544289,0.658065,0.317261,0.615716,0.675893,0.925224,0.766079,0.636678,0.631687
0.018001,0.899465,1351,2001,1577,2245,2397,2046,2510,2429,2734,1758,3532,3043,2060,2902,,0.534401,0.227156,0.325704,0.590270,0.243400,0.544289,0.658065,0.317261,0.615716,0.675893,0.925224,0.766079,0.636678,0.631687
0.017980,0.917445,1351,2001,1576,2246,2397,2045,2510,2428,2733,1759,3531,3044,2060,2901,,0.534401,0.227156,0.325117,0.591351,0.243400,0.543706,0.658065,0.316562,0.614639,0.676786,0.924227,0.766598,0.636678,0.631001
0.018026,0.935471,1350,2001,1577,2245,2398,2046,2510,2428,2734,1758,3530,3043,2059,2901,,0.533808,0.227156,0.325704,0.590270,0.244044,0.544289,0.658065,0.316562,0.615716,0.675893,0.923230,0.766079,0.635813,0.631001
0.018000,0.953471,1350,2000,1576,2246,2397,2045,2511,2427,2733,1757,3531,3043,2059,2902,,0.533808,0.226302,0.325117,0.591351,0.243400,0.543706,0.658986,0.315863,0.614639,0.675000,0.924227,0.766079,0.635813,0.631687
0.017993,0.971464,1351,2001,1577,2247,2397,2046,2513,2428,2734,1758,3531,3043,2060,2902,,0.534401,0.227156,0.325704,0.592432,0.243400,0.544289,0.660829,0.316562,0.615716,0.675893,0.924227,0.766079,0.636678,0.631687
0.017988,0.989452,1351,2001,1575,2247,2398,2046,2513,2428,2734,1759,3531,3043,2060,2901,,0.534401,0.227156,0.324531,0.592432,0.244044,0.544289,0.660829,0.316562,0.615716,0.676786,0.924227,0.766079,0.636678,0.631001
0.018015,1.007467,1350,2001,1576,2248,2397,2045,2512,2427,2733,1758,3530,3043,2059,2901,,0.533808,0.227156,0.325117,0.593513,0.243400,0.543706,0.659908,0.315863,0.614639,0.675893,0.923230,0.766079,0.635813,0.631001
0.018011,1.025478,1350,2001,1575,2247,2397,2044,2512,2426,2733,1758,3531,3043,2059,2901,,0.533808,0.227156,0.324531,0.592432,0.243400,0.543124,0.659908,0.315164,0.614639,0.675893,0.924227,0.766079,0.635813,0.631001
0.017990,1.043468,1350,2001,1575,2247,2397,2043,2514,2426,2733,1761,3531,3044,2060,2902,,0.533808,0.227156,0.324531,0.592432,0.243400,0.542541,0.661751,0.315164,0.614639,0.678571,0.924227,0.766598,0.636678,0.631687
0.018000,1.061467,1351,2001,1574,2246,2398,2042,2515,2426,2733,1761,3531,3043,2061,2900,,0.534401,0.227156,0.323944,0.591351,0.244044,0.541958,0.662673,0.315164,0.614639,0.678571,0.924227,0.766079,0.637543,0.630315
0.018007,1.079474,1351,2001,1574,2246,2398,2042,2515,2426,2733,1761,3531,3043,2061,2900,,0.534401,0.227156,0.323944,0.591351,0.244044,0.541958,0.662673,0.315164,0.614639,0.678571,0.924227,0.766079,0.637543,0.630315
0.017996,1.097470,1351,2001,1574,2248,2397,2041,2516,2426,2733,1760,3530,3043,2060,2902,,0.534401,0.227156,0.323944,0.593513,0.243400,0.541375,0.663594,0.315164,0.614639,0.677679,0.923230,0.766079,0.636678,0.631687
0.018004,1.115475,1351,2001,1574,2249,2397,2042,2514,2425,2733,1758,3531,3043,2060,2902,,0.534401,0.227156,0.323944,0.594595,0.243400,0.541958,0.661751,0.314465,0.614639,0.675893,0.924227,0.766079,0.636678,0.631687
0.018014,1.133488,1351,2001,1574,2249,2397,2042,2514,2425,2733,1758,3531,3043,2060,2902,,0.534401,0.227156,0.323944,0.594595,0.243400,0.541958,0.661751,0.314465,0.614639,0.675893,0.924227,0.766079,0.636678,0.631687
0.017995,1.151483,1351,2000,1574,2248,2396,2042,2515,2424,2733,1759,3530,3043,2060,2901,,0.534401,0.226302,0.323944,0.593513,0.242756,0.541958,0.662673,0.313767,0.614639,0.676786,0.923230,0.766079,0.636678,0.631001
0.017990,1.169473,1351,2000,1574,2248,2396,2042,2515,2424,2733,1759,3530,3043,2060,2901,,0.534401,0.226302,0.323944,0.593513,0.242756,0.541958,0.662673,0.313767,0.614639,0.676786,0.923230,0.766079,0.636678,0.631001
0.017986,1.187458,1350,2000,1573,2248,2397,2043,2513,2424,2733,1759,3531,3043,2061,2901,,0.533808,0.226302,0.323357,0.593513,0.243400,0.542541,0.660829,0.313767,0.614639,0.676786,0.924227,0.766079,0.637543,0.631001
0.017972,1.205430,1351,2001,1573,2249,2397,2044,2515,2424,2733,1760,3530,3043,2060,2902,,0.534401,0.227156,0.323357,0.594595,0.243400,0.543124,0.662673,0.313767,0.614639,0.677679,0.923230,0.766079,0.636678,0.631687
