GloveManager recording started on 10/20/16 at 17:53:31

,,Glove 1,Glove 1,Glove 1,Glove 1,Glove 1,Glove 1,Glove 1,Glove 1,Glove 1,Glove 1,Glove 1,Glove 1,Glove 1,Glove 1,,Glove 1 Scaled,Glove 1 Scaled,Glove 1 Scaled,Glove 1 Scaled,Glove 1 Scaled,Glove 1 Scaled,Glove 1 Scaled,Glove 1 Scaled,Glove 1 Scaled,Glove 1 Scaled,Glove 1 Scaled,Glove 1 Scaled,Glove 1 Scaled,Glove 1 Scaled
delta time (s), absolute time (s),Thumb Near,Thumb Far,Thumb/Index,Index Near,Index Far,Index/Middle,Middle Near,Middle Far,Middle/Ring,Ring Near,Ring Far,Ring/Little,Little Near,Little Far,,Thumb Near,Thumb Far,Thumb/Index,Index Near,Index Far,Index/Middle,Middle Near,Middle Far,Middle/Ring,Ring Near,Ring Far,Ring/Little,Little Near,Little Far
0.017530,0.017530,1403,1889,1225,1967,2494,2023,2589,3218,2925,1645,3497,2978,2069,3001,,0.565243,0.131512,0.119131,0.289730,0.305860,0.530886,0.730876,0.868623,0.821313,0.575000,0.890329,0.732365,0.644464,0.699588
0.017942,0.035472,1402,1889,1225,1967,2494,2023,2590,3218,2924,1645,3498,2978,2068,3001,,0.564650,0.131512,0.119131,0.289730,0.305860,0.530886,0.731797,0.868623,0.820237,0.575000,0.891326,0.732365,0.643599,0.699588
0.018037,0.053509,1403,1889,1225,1968,2493,2022,2591,3218,2924,1646,3498,2978,2069,3002,,0.565243,0.131512,0.119131,0.290811,0.305216,0.530303,0.732719,0.868623,0.820237,0.575893,0.891326,0.732365,0.644464,0.700274
0.018014,0.071522,1403,1889,1225,1968,2493,2022,2591,3218,2924,1646,3498,2978,2069,3002,,0.565243,0.131512,0.119131,0.290811,0.305216,0.530303,0.732719,0.868623,0.820237,0.575893,0.891326,0.732365,0.644464,0.700274
0.017999,0.089521,1402,1889,1224,1969,2492,2023,2592,3219,2924,1648,3497,2978,2070,3003,,0.564650,0.131512,0.118545,0.291892,0.304572,0.530886,0.733641,0.869322,0.820237,0.577679,0.890329,0.732365,0.645329,0.700960
0.017990,0.107511,1402,1888,1224,1967,2492,2023,2593,3218,2924,1649,3498,2978,2070,3002,,0.564650,0.130658,0.118545,0.289730,0.304572,0.530886,0.734562,0.868623,0.820237,0.578571,0.891326,0.732365,0.645329,0.700274
0.017967,0.125478,1401,1888,1224,1968,2491,2023,2593,3218,2924,1649,3498,2978,2069,3002,,0.564057,0.130658,0.118545,0.290811,0.303928,0.530886,0.734562,0.868623,0.820237,0.578571,0.891326,0.732365,0.644464,0.700274
0.018042,0.143519,1401,1888,1224,1969,2492,2023,2593,3218,2924,1649,3498,2978,2070,3002,,0.564057,0.130658,0.118545,0.291892,0.304572,0.530886,0.734562,0.868623,0.820237,0.578571,0.891326,0.732365,0.645329,0.700274
0.018001,0.161521,1401,1888,1225,1968,2491,2023,2593,3218,2923,1649,3498,2978,2069,3003,,0.564057,0.130658,0.119131,0.290811,0.303928,0.530886,0.734562,0.868623,0.819160,0.578571,0.891326,0.732365,0.644464,0.700960
0.018009,0.179530,1401,1889,1224,1969,2491,2023,2593,3218,2923,1650,3497,2978,2070,3004,,0.564057,0.131512,0.118545,0.291892,0.303928,0.530886,0.734562,0.868623,0.819160,0.579464,0.890329,0.732365,0.645329,0.701646
0.018009,0.197539,1402,1888,1224,1969,2491,2023,2592,3218,2924,1649,3498,2977,2070,3003,,0.564650,0.130658,0.118545,0.291892,0.303928,0.530886,0.733641,0.868623,0.820237,0.578571,0.891326,0.731846,0.645329,0.700960
0.017948,0.215487,1401,1888,1223,1970,2491,2022,2593,3218,2924,1649,3498,2978,2070,3002,,0.564057,0.130658,0.117958,0.292973,0.303928,0.530303,0.734562,0.868623,0.820237,0.578571,0.891326,0.732365,0.645329,0.700274
0.018064,0.233551,1400,1888,1223,1970,2491,2023,2593,3218,2923,1649,3498,2979,2072,3002,,0.563464,0.130658,0.117958,0.292973,0.303928,0.530886,0.734562,0.868623,0.819160,0.578571,0.891326,0.732884,0.647059,0.700274
0.017962,0.251513,1402,1889,1224,1970,2491,2023,2594,3218,2923,1652,3498,2978,2072,3004,,0.564650,0.131512,0.118545,0.292973,0.303928,0.530886,0.735484,0.868623,0.819160,0.581250,0.891326,0.732365,0.647059,0.701646
0.018025,0.269539,1401,1888,1224,1970,2490,2023,2594,3218,2924,1652,3498,2978,2071,3004,,0.564057,0.130658,0.118545,0.292973,0.303284,0.530886,0.735484,0.868623,0.820237,0.581250,0.891326,0.732365,0.646194,0.701646
0.017994,0.287533,1401,1889,1224,1970,2490,2022,2595,3218,2923,1651,3499,2978,2071,3004,,0.564057,0.131512,0.118545,0.292973,0.303284,0.530303,0.736406,0.868623,0.819160,0.580357,0.892323,0.732365,0.646194,0.701646
0.017991,0.305524,1401,1888,1224,1970,2491,2023,2595,3218,2923,1653,3498,2978,2072,3004,,0.564057,0.130658,0.118545,0.292973,0.303928,0.530886,0.736406,0.868623,0.819160,0.582143,0.891326,0.732365,0.647059,0.701646
0.018025,0.323549,1401,1888,1224,1969,2491,2023,2595,3218,2924,1652,3498,2978,2072,3004,,0.564057,0.130658,0.118545,0.291892,0.303928,0.530886,0.736406,0.868623,0.820237,0.581250,0.891326,0.732365,0.647059,0.701646
0.017997,0.341546,1400,1888,1223,1969,2490,2022,2595,3218,2923,1653,3498,2977,2072,3005,,0.563464,0.130658,0.117958,0.291892,0.303284,0.530303,0.736406,0.868623,0.819160,0.582143,0.891326,0.731846,0.647059,0.702332
0.018017,0.359563,1401,1888,1223,1970,2490,2023,2596,3218,2923,1653,3499,2978,2072,3005,,0.564057,0.130658,0.117958,0.292973,0.303284,0.530886,0.737327,0.868623,0.819160,0.582143,0.892323,0.732365,0.647059,0.702332
0.017984,0.377547,1401,1888,1224,1971,2490,2023,2596,3218,2924,1653,3498,2978,2072,3004,,0.564057,0.130658,0.118545,0.294054,0.303284,0.530886,0.737327,0.868623,0.820237,0.582143,0.891326,0.732365,0.647059,0.701646
0.018022,0.395569,1400,1888,1223,1970,2489,2024,2595,3218,2923,1652,3498,2977,2071,3005,,0.563464,0.130658,0.117958,0.292973,0.302640,0.531469,0.736406,0.868623,0.819160,0.581250,0.891326,0.731846,0.646194,0.702332
0.017969,0.413538,1400,1888,1223,1971,2489,2024,2594,3218,2923,1652,3499,2977,2071,3004,,0.563464,0.130658,0.117958,0.294054,0.302640,0.531469,0.735484,0.868623,0.819160,0.581250,0.892323,0.731846,0.646194,0.701646
0.017999,0.431537,1400,1888,1223,1971,2489,2024,2594,3218,2923,1652,3499,2977,2071,3004,,0.563464,0.130658,0.117958,0.294054,0.302640,0.531469,0.735484,0.868623,0.819160,0.581250,0.892323,0.731846,0.646194,0.701646
0.018002,0.449539,1400,1887,1222,1969,2490,2022,2595,3217,2923,1653,3498,2978,2071,3004,,0.563464,0.129804,0.117371,0.291892,0.303284,0.530303,0.736406,0.867925,0.819160,0.582143,0.891326,0.732365,0.646194,0.701646
0.017998,0.467537,1398,1886,1223,1970,2489,2022,2595,3219,2923,1652,3498,2978,2070,3004,,0.562278,0.128950,0.117958,0.292973,0.302640,0.530303,0.736406,0.869322,0.819160,0.581250,0.891326,0.732365,0.645329,0.701646
0.018012,0.485549,1398,1887,1222,1970,2490,2023,2595,3219,2923,1653,3498,2978,2070,3004,,0.562278,0.129804,0.117371,0.292973,0.303284,0.530886,0.736406,0.869322,0.819160,0.582143,0.891326,0.732365,0.645329,0.701646
0.018003,0.503552,1398,1886,1222,1970,2489,2023,2595,3218,2923,1652,3498,2977,2070,3005,,0.562278,0.128950,0.117371,0.292973,0.302640,0.530886,0.736406,0.868623,0.819160,0.581250,0.891326,0.731846,0.645329,0.702332
0.017998,0.521550,1398,1887,1223,1969,2490,2023,2596,3219,2922,1653,3499,2978,2070,3006,,0.562278,0.129804,0.117958,0.291892,0.303284,0.530886,0.737327,0.869322,0.818084,0.582143,0.892323,0.732365,0.645329,0.703018
0.017991,0.539542,1398,1887,1222,1969,2491,2022,2596,3218,2923,1652,3499,2979,2070,3005,,0.562278,0.129804,0.117371,0.291892,0.303928,0.530303,0.737327,0.868623,0.819160,0.581250,0.892323,0.732884,0.645329,0.702332
0.018002,0.557543,1399,1887,1222,1969,2490,2022,2596,3219,2923,1652,3499,2978,2070,3005,,0.562871,0.129804,0.117371,0.291892,0.303284,0.530303,0.737327,0.869322,0.819160,0.581250,0.892323,0.732365,0.645329,0.702332
0.018012,0.575555,1397,1886,1223,1970,2490,2022,2597,3218,2923,1653,3499,2978,2070,3006,,0.561684,0.128950,0.117958,0.292973,0.303284,0.530303,0.738249,0.868623,0.819160,0.582143,0.892323,0.732365,0.645329,0.703018
0.017999,0.593554,1397,1886,1222,1969,2490,2023,2596,3218,2923,1653,3499,2978,2070,3006,,0.561684,0.128950,0.117371,0.291892,0.303284,0.530886,0.737327,0.868623,0.819160,0.582143,0.892323,0.732365,0.645329,0.703018
0.018001,0.611555,1398,1886,1222,1970,2489,2022,2597,3218,2922,1654,3499,2978,2070,3006,,0.562278,0.128950,0.117371,0.292973,0.302640,0.530303,0.738249,0.868623,0.818084,0.583036,0.892323,0.732365,0.645329,0.703018
0.017995,0.629550,1399,1887,1222,1969,2489,2022,2597,3218,2922,1653,3499,2978,2069,3006,,0.562871,0.129804,0.117371,0.291892,0.302640,0.530303,0.738249,0.868623,0.818084,0.582143,0.892323,0.732365,0.644464,0.703018
0.017997,0.647548,1399,1887,1222,1969,2489,2022,2597,3218,2922,1653,3499,2978,2069,3006,,0.562871,0.129804,0.117371,0.291892,0.302640,0.530303,0.738249,0.868623,0.818084,0.582143,0.892323,0.732365,0.644464,0.703018
0.018017,0.665565,1398,1886,1223,1970,2489,2023,2597,3218,2923,1653,3498,2978,2069,3006,,0.562278,0.128950,0.117958,0.292973,0.302640,0.530886,0.738249,0.868623,0.819160,0.582143,0.891326,0.732365,0.644464,0.703018
0.017991,0.683556,1397,1887,1223,1970,2489,2023,2597,3217,2922,1653,3499,2977,2069,3006,,0.561684,0.129804,0.117958,0.292973,0.302640,0.530886,0.738249,0.867925,0.818084,0.582143,0.892323,0.731846,0.644464,0.703018
0.018007,0.701563,1398,1887,1223,1970,2489,2023,2597,3218,2922,1653,3499,2977,2068,3006,,0.562278,0.129804,0.117958,0.292973,0.302640,0.530886,0.738249,0.868623,0.818084,0.582143,0.892323,0.731846,0.643599,0.703018
0.018006,0.719569,1398,1887,1222,1971,2489,2023,2597,3217,2923,1653,3500,2978,2069,3005,,0.562278,0.129804,0.117371,0.294054,0.302640,0.530886,0.738249,0.867925,0.819160,0.582143,0.893320,0.732365,0.644464,0.702332
0.017987,0.737556,1398,1886,1222,1969,2489,2022,2598,3218,2922,1654,3499,2977,2070,3006,,0.562278,0.128950,0.117371,0.291892,0.302640,0.530303,0.739170,0.868623,0.818084,0.583036,0.892323,0.731846,0.645329,0.703018
0.018000,0.755556,1398,1886,1222,1969,2489,2022,2598,3218,2922,1654,3499,2977,2070,3006,,0.562278,0.128950,0.117371,0.291892,0.302640,0.530303,0.739170,0.868623,0.818084,0.583036,0.892323,0.731846,0.645329,0.703018
0.017999,0.773555,1397,1886,1222,1969,2489,2023,2598,3218,2922,1654,3499,2977,2069,3006,,0.561684,0.128950,0.117371,0.291892,0.302640,0.530886,0.739170,0.868623,0.818084,0.583036,0.892323,0.731846,0.644464,0.703018
0.018010,0.791565,1398,1887,1222,1969,2488,2023,2598,3217,2922,1655,3499,2978,2069,3006,,0.562278,0.129804,0.117371,0.291892,0.301996,0.530886,0.739170,0.867925,0.818084,0.583929,0.892323,0.732365,0.644464,0.703018
0.017991,0.809556,1397,1886,1223,1968,2490,2022,2598,3218,2923,1654,3500,2978,2069,3006,,0.561684,0.128950,0.117958,0.290811,0.303284,0.530303,0.739170,0.868623,0.819160,0.583036,0.893320,0.732365,0.644464,0.703018
0.018011,0.827567,1397,1886,1223,1968,2490,2022,2599,3218,2922,1655,3499,2977,2069,3006,,0.561684,0.128950,0.117958,0.290811,0.303284,0.530303,0.740092,0.868623,0.818084,0.583929,0.892323,0.731846,0.644464,0.703018
0.017980,0.845547,1397,1886,1222,1968,2489,2022,2598,3218,2922,1655,3499,2978,2069,3005,,0.561684,0.128950,0.117371,0.290811,0.302640,0.530303,0.739170,0.868623,0.818084,0.583929,0.892323,0.732365,0.644464,0.702332
0.018021,0.863568,1397,1886,1223,1967,2490,2022,2598,3218,2922,1653,3500,2978,2068,3006,,0.561684,0.128950,0.117958,0.289730,0.303284,0.530303,0.739170,0.868623,0.818084,0.582143,0.893320,0.732365,0.643599,0.703018
0.017992,0.881561,1397,1885,1222,1966,2491,2020,2598,3218,2922,1652,3500,2977,2073,3006,,0.561684,0.128096,0.117371,0.288649,0.303928,0.529138,0.739170,0.868623,0.818084,0.581250,0.893320,0.731846,0.647924,0.703018
0.018013,0.899573,1397,1886,1222,1966,2493,2020,2598,3218,2922,1652,3499,2978,2066,3006,,0.561684,0.128950,0.117371,0.288649,0.305216,0.529138,0.739170,0.868623,0.818084,0.581250,0.892323,0.732365,0.641869,0.703018
0.018006,0.917580,1397,1885,1223,1966,2493,2021,2599,3218,2922,1653,3500,2977,2066,3006,,0.561684,0.128096,0.117958,0.288649,0.305216,0.529720,0.740092,0.868623,0.818084,0.582143,0.893320,0.731846,0.641869,0.703018
0.017999,0.935579,1398,1886,1223,1966,2493,2022,2598,3219,2922,1653,3500,2978,2067,3006,,0.562278,0.128950,0.117958,0.288649,0.305216,0.530303,0.739170,0.869322,0.818084,0.582143,0.893320,0.732365,0.642734,0.703018
0.017979,0.953558,1398,1886,1224,1966,2494,2022,2598,3219,2922,1653,3500,2978,2067,3006,,0.562278,0.128950,0.118545,0.288649,0.305860,0.530303,0.739170,0.869322,0.818084,0.582143,0.893320,0.732365,0.642734,0.703018
0.018028,0.971586,1397,1885,1223,1966,2492,2022,2597,3219,2922,1653,3500,2978,2067,3006,,0.561684,0.128096,0.117958,0.288649,0.304572,0.530303,0.738249,0.869322,0.818084,0.582143,0.893320,0.732365,0.642734,0.703018
0.017956,0.989542,1398,1886,1223,1966,2492,2022,2598,3218,2922,1653,3501,2978,2067,3006,,0.562278,0.128950,0.117958,0.288649,0.304572,0.530303,0.739170,0.868623,0.818084,0.582143,0.894317,0.732365,0.642734,0.703018
0.018032,1.007574,1398,1886,1223,1966,2492,2022,2598,3219,2922,1654,3500,2978,2067,3006,,0.562278,0.128950,0.117958,0.288649,0.304572,0.530303,0.739170,0.869322,0.818084,0.583036,0.893320,0.732365,0.642734,0.703018
0.018031,1.025604,1397,1886,1223,1966,2492,2022,2598,3219,2922,1654,3500,2977,2068,3006,,0.561684,0.128950,0.117958,0.288649,0.304572,0.530303,0.739170,0.869322,0.818084,0.583036,0.893320,0.731846,0.643599,0.703018
