GloveManager recording started on 10/20/16 at 17:53:50

,,Glove 1,Glove 1,Glove 1,Glove 1,Glove 1,Glove 1,Glove 1,Glove 1,Glove 1,Glove 1,Glove 1,Glove 1,Glove 1,Glove 1,,Glove 1 Scaled,Glove 1 Scaled,Glove 1 Scaled,Glove 1 Scaled,Glove 1 Scaled,Glove 1 Scaled,Glove 1 Scaled,Glove 1 Scaled,Glove 1 Scaled,Glove 1 Scaled,Glove 1 Scaled,Glove 1 Scaled,Glove 1 Scaled,Glove 1 Scaled
delta time (s), absolute time (s),Thumb Near,Thumb Far,Thumb/Index,Index Near,Index Far,Index/Middle,Middle Near,Middle Far,Middle/Ring,Ring Near,Ring Far,Ring/Little,Little Near,Little Far,,Thumb Near,Thumb Far,Thumb/Index,Index Near,Index Far,Index/Middle,Middle Near,Middle Far,Middle/Ring,Ring Near,Ring Far,Ring/Little,Little Near,Little Far
0.017458,0.017458,1422,1920,1215,1964,2513,2067,2616,3241,2898,1722,3482,2991,2117,3044,,0.576512,0.157985,0.113263,0.286486,0.318094,0.556527,0.755760,0.884696,0.792250,0.643750,0.875374,0.739108,0.685986,0.729081
0.018001,0.035459,1423,1920,1215,1965,2513,2067,2617,3241,2898,1723,3482,2990,2117,3043,,0.577106,0.157985,0.113263,0.287568,0.318094,0.556527,0.756682,0.884696,0.792250,0.644643,0.875374,0.738589,0.685986,0.728395
0.018028,0.053487,1422,1920,1215,1964,2513,2068,2617,3241,2899,1724,3483,2991,2118,3044,,0.576512,0.157985,0.113263,0.286486,0.318094,0.557110,0.756682,0.884696,0.793326,0.645536,0.876371,0.739108,0.686851,0.729081
0.018003,0.071490,1422,1920,1215,1965,2512,2068,2618,3240,2898,1723,3482,2991,2118,3043,,0.576512,0.157985,0.113263,0.287568,0.317450,0.557110,0.757604,0.883997,0.792250,0.644643,0.875374,0.739108,0.686851,0.728395
0.018010,0.089500,1423,1921,1215,1965,2513,2068,2618,3241,2899,1724,3482,2991,2118,3044,,0.577106,0.158839,0.113263,0.287568,0.318094,0.557110,0.757604,0.884696,0.793326,0.645536,0.875374,0.739108,0.686851,0.729081
0.017979,0.107479,1423,1921,1214,1965,2512,2068,2618,3241,2898,1723,3483,2991,2117,3043,,0.577106,0.158839,0.112676,0.287568,0.317450,0.557110,0.757604,0.884696,0.792250,0.644643,0.876371,0.739108,0.685986,0.728395
0.018008,0.125487,1423,1921,1215,1965,2512,2069,2618,3241,2898,1724,3483,2991,2118,3044,,0.577106,0.158839,0.113263,0.287568,0.317450,0.557692,0.757604,0.884696,0.792250,0.645536,0.876371,0.739108,0.686851,0.729081
0.018008,0.143495,1423,1921,1215,1965,2512,2069,2618,3241,2898,1724,3483,2991,2118,3044,,0.577106,0.158839,0.113263,0.287568,0.317450,0.557692,0.757604,0.884696,0.792250,0.645536,0.876371,0.739108,0.686851,0.729081
0.018000,0.161494,1423,1921,1215,1965,2511,2068,2618,3241,2898,1724,3483,2991,2119,3043,,0.577106,0.158839,0.113263,0.287568,0.316806,0.557110,0.757604,0.884696,0.792250,0.645536,0.876371,0.739108,0.687716,0.728395
0.017995,0.179490,1422,1921,1214,1965,2511,2068,2618,3240,2898,1723,3483,2991,2119,3044,,0.576512,0.158839,0.112676,0.287568,0.316806,0.557110,0.757604,0.883997,0.792250,0.644643,0.876371,0.739108,0.687716,0.729081
0.018006,0.197496,1422,1921,1214,1965,2511,2067,2618,3240,2898,1725,3483,2991,2119,3044,,0.576512,0.158839,0.112676,0.287568,0.316806,0.556527,0.757604,0.883997,0.792250,0.646429,0.876371,0.739108,0.687716,0.729081
0.017997,0.215493,1423,1921,1215,1966,2511,2069,2618,3240,2899,1724,3482,2991,2119,3044,,0.577106,0.158839,0.113263,0.288649,0.316806,0.557692,0.757604,0.883997,0.793326,0.645536,0.875374,0.739108,0.687716,0.729081
0.018000,0.233493,1423,1921,1214,1966,2511,2068,2618,3241,2898,1724,3482,2990,2120,3044,,0.577106,0.158839,0.112676,0.288649,0.316806,0.557110,0.757604,0.884696,0.792250,0.645536,0.875374,0.738589,0.688581,0.729081
0.018012,0.251505,1423,1921,1214,1966,2511,2068,2618,3241,2898,1724,3482,2990,2120,3044,,0.577106,0.158839,0.112676,0.288649,0.316806,0.557110,0.757604,0.884696,0.792250,0.645536,0.875374,0.738589,0.688581,0.729081
0.018006,0.269510,1422,1921,1213,1966,2510,2069,2620,3241,2898,1724,3483,2990,2121,3043,,0.576512,0.158839,0.112089,0.288649,0.316162,0.557692,0.759447,0.884696,0.792250,0.645536,0.876371,0.738589,0.689446,0.728395
0.018002,0.287512,1423,1922,1213,1967,2510,2069,2618,3241,2898,1725,3483,2991,2120,3044,,0.577106,0.159693,0.112089,0.289730,0.316162,0.557692,0.757604,0.884696,0.792250,0.646429,0.876371,0.739108,0.688581,0.729081
0.017996,0.305508,1421,1922,1213,1968,2509,2070,2618,3240,2898,1725,3483,2991,2121,3044,,0.575919,0.159693,0.112089,0.290811,0.315518,0.558275,0.757604,0.883997,0.792250,0.646429,0.876371,0.739108,0.689446,0.729081
0.017967,0.323475,1423,1922,1214,1967,2509,2069,2618,3241,2898,1725,3483,2991,2121,3043,,0.577106,0.159693,0.112676,0.289730,0.315518,0.557692,0.757604,0.884696,0.793326,0.647321,0.876371,0.739108,0.690311,0.729081
0.018043,0.341518,1422,1923,1214,1968,2509,2069,2618,3242,2899,1726,3483,2991,2122,3044,,0.576512,0.160547,0.112676,0.290811,0.315518,0.557692,0.757604,0.885395,0.793326,0.647321,0.876371,0.739108,0.690311,0.729081
0.017994,0.359512,1423,1923,1214,1969,2508,2070,2619,3240,2897,1725,3483,2991,2122,3043,,0.577106,0.160547,0.112676,0.291892,0.314874,0.558275,0.758525,0.883997,0.791173,0.646429,0.876371,0.739108,0.690311,0.728395
0.017992,0.377504,1422,1922,1214,1968,2507,2070,2619,3240,2898,1725,3482,2991,2121,3043,,0.576512,0.159693,0.112676,0.290811,0.314231,0.558275,0.758525,0.883997,0.792250,0.646429,0.875374,0.739108,0.689446,0.728395
0.018001,0.395505,1422,1921,1214,1968,2507,2070,2619,3241,2898,1725,3482,2990,2121,3043,,0.576512,0.158839,0.112676,0.290811,0.314231,0.558275,0.758525,0.884696,0.792250,0.646429,0.875374,0.738589,0.689446,0.728395
0.017999,0.413504,1423,1922,1214,1969,2508,2070,2619,3241,2898,1726,3482,2991,2122,3043,,0.577106,0.159693,0.112676,0.291892,0.314874,0.558275,0.758525,0.884696,0.792250,0.647321,0.875374,0.739108,0.690311,0.728395
0.018006,0.431510,1423,1923,1214,1969,2508,2071,2618,3239,2899,1726,3482,2991,2122,3043,,0.577106,0.160547,0.112676,0.291892,0.314874,0.558858,0.757604,0.883298,0.793326,0.647321,0.875374,0.739108,0.690311,0.728395
0.017996,0.449506,1423,1923,1214,1969,2506,2070,2619,3240,2897,1725,3482,2991,2122,3043,,0.577106,0.160547,0.112676,0.291892,0.313587,0.558275,0.758525,0.883997,0.791173,0.646429,0.875374,0.739108,0.690311,0.728395
0.018007,0.467513,1424,1924,1216,1969,2506,2071,2619,3240,2898,1726,3483,2991,2122,3043,,0.577699,0.161401,0.113850,0.291892,0.313587,0.558858,0.758525,0.883997,0.792250,0.647321,0.876371,0.739108,0.690311,0.728395
0.017999,0.485513,1425,1924,1216,1968,2506,2071,2619,3240,2898,1727,3482,2991,2123,3043,,0.578292,0.161401,0.113850,0.290811,0.313587,0.558858,0.758525,0.883997,0.792250,0.648214,0.875374,0.739108,0.691176,0.728395
0.018001,0.503514,1424,1923,1216,1969,2505,2071,2619,3240,2898,1726,3482,2992,2123,3043,,0.577699,0.160547,0.113850,0.291892,0.312943,0.558858,0.758525,0.883997,0.792250,0.647321,0.875374,0.739627,0.691176,0.728395
0.017994,0.521508,1424,1923,1216,1970,2505,2071,2620,3240,2898,1726,3482,2991,2123,3044,,0.577699,0.160547,0.113850,0.292973,0.312943,0.558858,0.759447,0.883997,0.792250,0.647321,0.875374,0.739108,0.691176,0.729081
0.018006,0.539514,1423,1923,1215,1970,2504,2071,2620,3240,2898,1727,3482,2991,2123,3044,,0.577106,0.160547,0.113263,0.292973,0.312299,0.558858,0.759447,0.883997,0.792250,0.648214,0.875374,0.739108,0.691176,0.729081
0.017993,0.557507,1423,1923,1215,1970,2505,2071,2620,3240,2897,1727,3483,2990,2124,3044,,0.577106,0.160547,0.113263,0.292973,0.312943,0.558858,0.759447,0.883997,0.791173,0.648214,0.876371,0.738589,0.692042,0.729081
0.018000,0.575507,1424,1923,1216,1969,2504,2071,2620,3240,2898,1728,3482,2991,2124,3044,,0.577699,0.160547,0.113850,0.291892,0.312299,0.558858,0.759447,0.883997,0.792250,0.649107,0.875374,0.739108,0.692042,0.729081
0.018008,0.593515,1424,1923,1216,1969,2504,2071,2620,3240,2898,1728,3482,2991,2124,3044,,0.577699,0.160547,0.113850,0.291892,0.312299,0.558858,0.759447,0.883997,0.792250,0.649107,0.875374,0.739108,0.692042,0.729081
0.017999,0.611514,1425,1924,1217,1970,2503,2071,2620,3241,2897,1728,3482,2991,2124,3043,,0.578292,0.161401,0.114437,0.292973,0.311655,0.558858,0.759447,0.884696,0.791173,0.649107,0.875374,0.739108,0.692042,0.728395
0.017996,0.629510,1425,1923,1217,1970,2503,2071,2620,3240,2898,1728,3482,2991,2125,3043,,0.578292,0.160547,0.114437,0.292973,0.311655,0.558858,0.759447,0.883997,0.792250,0.649107,0.875374,0.739108,0.692907,0.728395
0.018018,0.647528,1425,1924,1217,1971,2503,2072,2621,3240,2898,1727,3482,2990,2125,3043,,0.578292,0.161401,0.114437,0.294054,0.311655,0.559441,0.760369,0.883997,0.792250,0.648214,0.875374,0.738589,0.692907,0.728395
0.017986,0.665514,1425,1924,1217,1971,2503,2072,2621,3240,2898,1727,3482,2990,2125,3043,,0.578292,0.161401,0.114437,0.294054,0.311655,0.559441,0.760369,0.883997,0.792250,0.648214,0.875374,0.738589,0.692907,0.728395
0.017998,0.683512,1424,1924,1216,1971,2502,2072,2621,3240,2898,1727,3482,2991,2125,3044,,0.577699,0.161401,0.113850,0.294054,0.311011,0.559441,0.760369,0.883997,0.792250,0.648214,0.875374,0.739108,0.692907,0.729081
0.017979,0.701490,1423,1923,1216,1971,2503,2073,2621,3239,2898,1728,3483,2990,2125,3043,,0.577106,0.160547,0.113850,0.294054,0.311655,0.560023,0.760369,0.883298,0.792250,0.649107,0.876371,0.738589,0.692907,0.728395
0.018032,0.719522,1423,1923,1217,1971,2502,2074,2620,3240,2898,1726,3481,2990,2124,3044,,0.577106,0.160547,0.114437,0.294054,0.311011,0.560606,0.759447,0.883997,0.792250,0.647321,0.874377,0.738589,0.692042,0.729081
0.018005,0.737527,1423,1923,1218,1972,2501,2074,2620,3240,2898,1726,3482,2990,2124,3043,,0.577106,0.160547,0.115023,0.295135,0.310367,0.560606,0.759447,0.883997,0.792250,0.647321,0.875374,0.738589,0.692042,0.728395
0.018000,0.755527,1422,1922,1217,1973,2501,2075,2620,3240,2897,1726,3483,2990,2124,3043,,0.576512,0.159693,0.114437,0.296216,0.310367,0.561189,0.759447,0.883997,0.791173,0.647321,0.876371,0.738589,0.692042,0.728395
0.017944,0.773472,1422,1922,1217,1973,2501,2075,2620,3240,2897,1726,3483,2990,2124,3043,,0.576512,0.159693,0.114437,0.296216,0.310367,0.561189,0.759447,0.883997,0.791173,0.647321,0.876371,0.738589,0.692042,0.728395
0.018054,0.791526,1423,1923,1218,1972,2501,2075,2620,3240,2897,1727,3482,2991,2123,3043,,0.577106,0.160547,0.115023,0.295135,0.310367,0.561189,0.759447,0.883997,0.791173,0.648214,0.875374,0.739108,0.691176,0.728395
0.017982,0.809508,1422,1923,1219,1973,2500,2076,2620,3240,2897,1726,3482,2991,2123,3042,,0.576512,0.160547,0.115610,0.296216,0.309723,0.561772,0.759447,0.883997,0.791173,0.647321,0.875374,0.739108,0.691176,0.727709
0.018012,0.827520,1423,1923,1220,1973,2501,2076,2621,3239,2898,1728,3482,2991,2125,3043,,0.577106,0.160547,0.116197,0.296216,0.310367,0.561772,0.760369,0.883298,0.792250,0.649107,0.875374,0.739108,0.692907,0.728395
0.018003,0.845523,1424,1923,1219,1972,2500,2076,2622,3239,2897,1728,3482,2990,2125,3043,,0.577699,0.160547,0.115610,0.295135,0.309723,0.561772,0.761290,0.883298,0.791173,0.649107,0.875374,0.738589,0.692907,0.728395
0.018008,0.863531,1424,1922,1218,1972,2500,2075,2622,3240,2898,1728,3483,2991,2125,3043,,0.577699,0.159693,0.115023,0.295135,0.309723,0.561189,0.761290,0.883997,0.792250,0.649107,0.876371,0.739108,0.692907,0.728395
0.017991,0.881522,1424,1924,1219,1973,2500,2075,2622,3240,2898,1729,3483,2990,2126,3044,,0.577699,0.161401,0.115610,0.296216,0.309723,0.561189,0.761290,0.883997,0.792250,0.650000,0.876371,0.738589,0.693772,0.729081
0.017957,0.899479,1422,1922,1217,1972,2500,2074,2621,3239,2897,1729,3482,2990,2126,3043,,0.576512,0.159693,0.114437,0.295135,0.309723,0.560606,0.760369,0.883298,0.791173,0.650000,0.875374,0.738589,0.693772,0.728395
0.018054,0.917533,1422,1922,1218,1973,2500,2074,2621,3239,2898,1730,3483,2990,2127,3043,,0.576512,0.159693,0.115023,0.296216,0.309723,0.560606,0.760369,0.883298,0.792250,0.650893,0.876371,0.738589,0.694637,0.728395
0.018003,0.935535,1422,1922,1218,1973,2500,2074,2621,3239,2898,1730,3483,2990,2127,3043,,0.576512,0.159693,0.115023,0.296216,0.309723,0.560606,0.760369,0.883298,0.792250,0.650893,0.876371,0.738589,0.694637,0.728395
0.017991,0.953527,1423,1923,1218,1973,2499,2074,2622,3240,2898,1730,3483,2990,2127,3044,,0.577106,0.160547,0.115023,0.296216,0.309079,0.560606,0.761290,0.883997,0.792250,0.650893,0.876371,0.738589,0.694637,0.729081
0.018014,0.971541,1423,1923,1218,1973,2499,2074,2622,3240,2898,1730,3483,2990,2127,3044,,0.577106,0.160547,0.115023,0.296216,0.309079,0.560606,0.761290,0.883997,0.792250,0.650893,0.876371,0.738589,0.694637,0.729081
0.018022,0.989563,1422,1922,1217,1973,2499,2074,2622,3239,2897,1729,3483,2991,2126,3044,,0.576512,0.159693,0.114437,0.296216,0.309079,0.560606,0.761290,0.883298,0.791173,0.650000,0.876371,0.739108,0.693772,0.729081
0.017978,1.007541,1422,1922,1218,1973,2499,2074,2622,3239,2897,1729,3482,2990,2127,3044,,0.576512,0.159693,0.115023,0.296216,0.309079,0.560606,0.761290,0.883298,0.791173,0.650000,0.875374,0.738589,0.694637,0.729081
0.018001,1.025543,1422,1922,1218,1974,2499,2075,2622,3240,2898,1729,3482,2991,2127,3044,,0.576512,0.159693,0.115023,0.297297,0.309079,0.561189,0.761290,0.883997,0.792250,0.650000,0.875374,0.739108,0.694637,0.729081
0.017988,1.043530,1422,1923,1218,1974,2499,2075,2622,3239,2897,1730,3482,2990,2127,3043,,0.576512,0.160547,0.115023,0.297297,0.309079,0.561189,0.761290,0.883298,0.791173,0.650893,0.875374,0.738589,0.694637,0.728395
0.018001,1.061532,1422,1923,1218,1974,2498,2075,2623,3240,2897,1729,3482,2991,2127,3044,,0.576512,0.160547,0.115023,0.297297,0.308435,0.561189,0.762212,0.883997,0.791173,0.650000,0.875374,0.739108,0.694637,0.729081
0.018040,1.079572,1422,1923,1218,1975,2497,2075,2622,3239,2898,1730,3482,2990,2127,3043,,0.576512,0.160547,0.115023,0.298378,0.307791,0.561189,0.761290,0.883298,0.792250,0.650893,0.875374,0.738589,0.694637,0.728395
0.017961,1.097533,1422,1923,1219,1975,2497,2074,2622,3239,2898,1729,3482,2990,2128,3044,,0.576512,0.160547,0.115610,0.298378,0.307791,0.560606,0.761290,0.883298,0.792250,0.650000,0.875374,0.738589,0.695502,0.729081
0.018000,1.115533,1423,1922,1218,1974,2497,2074,2622,3239,2897,1730,3482,2991,2128,3044,,0.577106,0.159693,0.115023,0.297297,0.307791,0.560606,0.761290,0.883298,0.791173,0.650893,0.875374,0.739108,0.695502,0.729081
0.018004,1.133537,1421,1922,1217,1975,2495,2074,2622,3239,2897,1729,3483,2990,2129,3044,,0.575919,0.159693,0.114437,0.298378,0.306504,0.560606,0.761290,0.883298,0.791173,0.650000,0.876371,0.738589,0.696367,0.729081
0.017971,1.151508,1421,1922,1218,1975,2497,2075,2622,3239,2897,1730,3483,2990,2128,3044,,0.575919,0.159693,0.115023,0.298378,0.307791,0.561189,0.761290,0.883298,0.791173,0.650893,0.876371,0.738589,0.695502,0.729081
0.018038,1.169546,1422,1922,1218,1976,2496,2074,2622,3239,2898,1731,3482,2990,2129,3043,,0.576512,0.159693,0.115023,0.299459,0.307147,0.560606,0.761290,0.883298,0.792250,0.651786,0.875374,0.738589,0.696367,0.728395
0.018015,1.187561,1422,1922,1218,1976,2496,2074,2622,3239,2898,1731,3482,2990,2129,3043,,0.576512,0.159693,0.115023,0.299459,0.307147,0.560606,0.761290,0.883298,0.792250,0.651786,0.875374,0.738589,0.696367,0.728395
0.017979,1.205540,1421,1922,1218,1977,2496,2074,2623,3239,2897,1731,3483,2991,2129,3044,,0.575919,0.159693,0.115023,0.300541,0.307147,0.560606,0.762212,0.883298,0.791173,0.651786,0.876371,0.739108,0.696367,0.729081
0.018000,1.223539,1420,1923,1218,1976,2495,2075,2623,3237,2897,1731,3482,2990,2129,3044,,0.575326,0.160547,0.115023,0.299459,0.306504,0.561189,0.762212,0.881901,0.791173,0.651786,0.875374,0.738589,0.696367,0.729081
0.018009,1.241549,1421,1922,1217,1977,2495,2075,2623,3238,2897,1732,3482,2990,2129,3044,,0.575919,0.159693,0.114437,0.300541,0.306504,0.561189,0.762212,0.882600,0.791173,0.652679,0.875374,0.738589,0.696367,0.729081
0.017993,1.259542,1421,1922,1217,1976,2495,2074,2623,3238,2897,1731,3483,2991,2130,3044,,0.575919,0.159693,0.114437,0.299459,0.306504,0.560606,0.762212,0.882600,0.791173,0.651786,0.876371,0.739108,0.697232,0.729081
0.018010,1.277552,1422,1923,1217,1976,2495,2074,2623,3239,2897,1731,3482,2990,2129,3044,,0.576512,0.160547,0.114437,0.299459,0.306504,0.560606,0.762212,0.883298,0.791173,0.651786,0.875374,0.738589,0.696367,0.729081
0.017969,1.295521,1421,1922,1218,1976,2494,2074,2623,3238,2898,1730,3482,2990,2129,3044,,0.575919,0.159693,0.115023,0.299459,0.305860,0.560606,0.762212,0.882600,0.792250,0.650893,0.875374,0.738589,0.696367,0.729081
0.018031,1.313551,1421,1922,1217,1977,2493,2073,2622,3238,2897,1730,3481,2990,2128,3043,,0.575919,0.159693,0.114437,0.300541,0.305216,0.560023,0.761290,0.882600,0.791173,0.650893,0.874377,0.738589,0.695502,0.728395
0.018001,1.331552,1420,1923,1218,1977,2494,2075,2622,3238,2897,1731,3481,2990,2129,3044,,0.575326,0.160547,0.115023,0.300541,0.305860,0.561189,0.761290,0.882600,0.791173,0.651786,0.874377,0.738589,0.696367,0.729081
0.017999,1.349551,1421,1922,1218,1977,2494,2075,2622,3238,2897,1730,3482,2990,2130,3044,,0.575919,0.159693,0.115023,0.300541,0.305860,0.561189,0.761290,0.882600,0.791173,0.650893,0.875374,0.738589,0.697232,0.729081
0.017995,1.367546,1420,1922,1217,1976,2492,2074,2622,3238,2897,1730,3481,2990,2129,3044,,0.575326,0.159693,0.114437,0.299459,0.304572,0.560606,0.761290,0.882600,0.791173,0.650893,0.874377,0.738589,0.696367,0.729081
