GloveManager recording started on 10/20/16 at 17:55:17

,,Glove 1,Glove 1,Glove 1,Glove 1,Glove 1,Glove 1,Glove 1,Glove 1,Glove 1,Glove 1,Glove 1,Glove 1,Glove 1,Glove 1,,Glove 1 Scaled,Glove 1 Scaled,Glove 1 Scaled,Glove 1 Scaled,Glove 1 Scaled,Glove 1 Scaled,Glove 1 Scaled,Glove 1 Scaled,Glove 1 Scaled,Glove 1 Scaled,Glove 1 Scaled,Glove 1 Scaled,Glove 1 Scaled,Glove 1 Scaled
delta time (s), absolute time (s),Thumb Near,Thumb Far,Thumb/Index,Index Near,Index Far,Index/Middle,Middle Near,Middle Far,Middle/Ring,Ring Near,Ring Far,Ring/Little,Little Near,Little Far,,Thumb Near,Thumb Far,Thumb/Index,Index Near,Index Far,Index/Middle,Middle Near,Middle Far,Middle/Ring,Ring Near,Ring Far,Ring/Little,Little Near,Little Far
0.017184,0.017184,1649,2126,1608,2001,2462,2143,2396,2777,2818,1451,3513,2924,1922,2853,,0.711151,0.333903,0.343897,0.326486,0.285254,0.600816,0.552995,0.560447,0.706136,0.401786,0.906281,0.704357,0.517301,0.598080
0.018020,0.035204,1648,2126,1606,2000,2461,2143,2396,2776,2820,1449,3513,2924,1923,2852,,0.710558,0.333903,0.342723,0.325405,0.284610,0.600816,0.552995,0.559748,0.708288,0.400000,0.906281,0.704357,0.518166,0.597394
0.018005,0.053209,1648,2125,1606,2001,2462,2143,2397,2776,2819,1450,3513,2924,1923,2852,,0.710558,0.333049,0.342723,0.326486,0.285254,0.600816,0.553917,0.559748,0.707212,0.400893,0.906281,0.704357,0.518166,0.597394
0.017955,0.071164,1647,2125,1606,2001,2461,2143,2397,2777,2820,1451,3513,2924,1923,2852,,0.709964,0.333049,0.342723,0.326486,0.284610,0.600816,0.553917,0.560447,0.708288,0.401786,0.906281,0.704357,0.518166,0.597394
0.018156,0.089320,1648,2125,1606,2001,2462,2143,2397,2777,2820,1451,3514,2924,1923,2852,,0.710558,0.333049,0.342723,0.326486,0.285254,0.600816,0.553917,0.560447,0.708288,0.401786,0.907278,0.704357,0.518166,0.597394
0.017885,0.107205,1647,2125,1606,2000,2461,2144,2396,2776,2819,1450,3513,2924,1923,2853,,0.709964,0.333049,0.342723,0.325405,0.284610,0.601399,0.552995,0.559748,0.707212,0.400893,0.906281,0.704357,0.518166,0.598080
0.017956,0.125161,1647,2125,1605,2001,2461,2143,2396,2776,2820,1450,3514,2924,1923,2852,,0.709964,0.333049,0.342136,0.326486,0.284610,0.600816,0.552995,0.559748,0.708288,0.400893,0.907278,0.704357,0.518166,0.597394
0.018051,0.143213,1647,2125,1605,2001,2461,2143,2396,2776,2820,1450,3514,2924,1923,2852,,0.709964,0.333049,0.342136,0.326486,0.284610,0.600816,0.552995,0.559748,0.708288,0.400893,0.907278,0.704357,0.518166,0.597394
0.018007,0.161219,1647,2124,1605,2000,2460,2144,2396,2777,2820,1451,3514,2924,1923,2852,,0.709964,0.332195,0.342136,0.325405,0.283967,0.601399,0.552995,0.560447,0.708288,0.401786,0.907278,0.704357,0.518166,0.597394
0.018002,0.179222,1647,2124,1605,2001,2461,2144,2396,2776,2820,1449,3513,2923,1923,2853,,0.709964,0.332195,0.342136,0.326486,0.284610,0.601399,0.552995,0.559748,0.708288,0.400000,0.906281,0.703838,0.518166,0.598080
0.017945,0.197167,1647,2124,1605,2001,2460,2144,2394,2776,2820,1450,3513,2923,1922,2852,,0.709964,0.332195,0.342136,0.326486,0.283967,0.601399,0.551152,0.559748,0.708288,0.400893,0.906281,0.703838,0.517301,0.597394
0.018055,0.215222,1646,2123,1605,2001,2460,2145,2395,2777,2821,1450,3512,2924,1922,2852,,0.709371,0.331341,0.342136,0.326486,0.283967,0.601981,0.552074,0.560447,0.709365,0.400893,0.905284,0.704357,0.517301,0.597394
0.017991,0.233213,1647,2123,1605,2001,2460,2146,2394,2777,2821,1451,3513,2924,1922,2852,,0.709964,0.331341,0.342136,0.326486,0.283967,0.602564,0.551152,0.560447,0.709365,0.401786,0.906281,0.704357,0.517301,0.597394
0.018014,0.251227,1647,2123,1605,2001,2460,2146,2394,2777,2821,1451,3513,2924,1922,2852,,0.709964,0.331341,0.342136,0.326486,0.283967,0.602564,0.551152,0.560447,0.709365,0.401786,0.906281,0.704357,0.517301,0.597394
0.017987,0.269215,1646,2123,1605,2001,2460,2146,2393,2776,2821,1449,3513,2923,1922,2852,,0.709371,0.331341,0.342136,0.326486,0.283967,0.602564,0.550230,0.559748,0.709365,0.400000,0.906281,0.703838,0.517301,0.597394
0.017978,0.287193,1646,2122,1605,2000,2460,2146,2394,2776,2821,1449,3512,2924,1922,2852,,0.709371,0.330487,0.342136,0.325405,0.283967,0.602564,0.551152,0.559748,0.709365,0.400000,0.905284,0.704357,0.517301,0.597394
0.017996,0.305189,1646,2123,1605,2001,2459,2147,2394,2776,2821,1450,3513,2924,1922,2852,,0.709371,0.331341,0.342136,0.326486,0.283323,0.603147,0.551152,0.559748,0.709365,0.400893,0.906281,0.704357,0.517301,0.597394
0.018001,0.323190,1647,2123,1605,2001,2461,2146,2395,2776,2821,1450,3514,2924,1923,2852,,0.709964,0.331341,0.342136,0.326486,0.284610,0.602564,0.552074,0.559748,0.709365,0.400893,0.907278,0.704357,0.518166,0.597394
0.018019,0.341209,1647,2123,1605,2001,2460,2146,2395,2777,2820,1450,3513,2923,1923,2853,,0.709964,0.331341,0.342136,0.326486,0.283967,0.602564,0.552074,0.560447,0.708288,0.400893,0.906281,0.703838,0.518166,0.598080
0.018008,0.359217,1647,2122,1604,2001,2460,2146,2396,2776,2821,1450,3514,2923,1922,2853,,0.709964,0.330487,0.341549,0.326486,0.283967,0.602564,0.552995,0.559748,0.709365,0.400893,0.907278,0.703838,0.517301,0.598080
0.018004,0.377221,1646,2122,1604,2001,2460,2147,2394,2777,2821,1451,3513,2923,1922,2852,,0.709371,0.330487,0.341549,0.326486,0.283967,0.603147,0.551152,0.560447,0.709365,0.401786,0.906281,0.703838,0.517301,0.597394
0.018013,0.395234,1645,2121,1603,2001,2459,2146,2393,2776,2821,1449,3513,2923,1922,2852,,0.708778,0.329633,0.340962,0.326486,0.283323,0.602564,0.550230,0.559748,0.709365,0.400000,0.906281,0.703838,0.517301,0.597394
0.017996,0.413230,1646,2121,1602,2000,2459,2146,2394,2776,2821,1449,3513,2924,1922,2852,,0.709371,0.329633,0.340376,0.325405,0.283323,0.602564,0.551152,0.559748,0.709365,0.400000,0.906281,0.704357,0.517301,0.597394
0.017996,0.431226,1647,2122,1603,2002,2459,2147,2393,2776,2822,1449,3514,2923,1922,2852,,0.709964,0.330487,0.340962,0.327568,0.283323,0.603147,0.550230,0.559748,0.710441,0.400000,0.907278,0.703838,0.517301,0.597394
0.017998,0.449224,1646,2122,1603,2001,2459,2147,2394,2777,2821,1449,3513,2923,1922,2852,,0.709371,0.330487,0.340962,0.326486,0.283323,0.603147,0.551152,0.560447,0.709365,0.400000,0.906281,0.703838,0.517301,0.597394
0.018001,0.467225,1646,2122,1603,2000,2459,2147,2394,2776,2822,1450,3514,2923,1922,2852,,0.709371,0.330487,0.340962,0.325405,0.283323,0.603147,0.551152,0.559748,0.710441,0.400893,0.907278,0.703838,0.517301,0.597394
0.018004,0.485228,1646,2121,1603,2001,2459,2147,2394,2777,2822,1450,3513,2923,1922,2852,,0.709371,0.329633,0.340962,0.326486,0.283323,0.603147,0.551152,0.560447,0.710441,0.400893,0.906281,0.703838,0.517301,0.597394
0.017996,0.503224,1645,2122,1602,2001,2459,2147,2394,2777,2822,1450,3514,2923,1922,2852,,0.708778,0.330487,0.340376,0.326486,0.283323,0.603147,0.551152,0.560447,0.710441,0.400893,0.907278,0.703838,0.517301,0.597394
0.018017,0.521241,1645,2122,1602,2001,2459,2147,2394,2777,2822,1450,3514,2923,1922,2852,,0.708778,0.330487,0.340376,0.326486,0.283323,0.603147,0.551152,0.560447,0.710441,0.400893,0.907278,0.703838,0.517301,0.597394
0.017987,0.539228,1646,2122,1603,2001,2459,2147,2393,2778,2822,1449,3513,2924,1922,2852,,0.709371,0.330487,0.340962,0.326486,0.283323,0.603147,0.550230,0.561146,0.710441,0.400000,0.906281,0.704357,0.517301,0.597394
0.018000,0.557228,1645,2122,1603,2001,2459,2147,2393,2778,2823,1450,3513,2924,1922,2853,,0.708778,0.330487,0.340962,0.326486,0.283323,0.603147,0.550230,0.561146,0.711518,0.400893,0.906281,0.704357,0.517301,0.598080
0.018003,0.575231,1646,2122,1602,2001,2459,2149,2393,2778,2822,1450,3513,2923,1923,2852,,0.709371,0.330487,0.340376,0.326486,0.283323,0.604312,0.550230,0.561146,0.710441,0.400893,0.906281,0.703838,0.518166,0.597394
0.017999,0.593230,1645,2122,1602,2000,2459,2147,2394,2779,2823,1450,3513,2924,1923,2852,,0.708778,0.330487,0.340376,0.325405,0.283323,0.603147,0.551152,0.561845,0.711518,0.400893,0.906281,0.704357,0.518166,0.597394
0.018004,0.611234,1646,2121,1602,2001,2459,2148,2394,2779,2823,1451,3514,2924,1923,2853,,0.709371,0.329633,0.340376,0.326486,0.283323,0.603730,0.551152,0.561845,0.711518,0.401786,0.907278,0.704357,0.518166,0.598080
0.018002,0.629237,1647,2122,1602,2000,2459,2148,2394,2779,2823,1450,3514,2923,1923,2853,,0.709964,0.330487,0.340376,0.325405,0.283323,0.603730,0.551152,0.561845,0.711518,0.400893,0.907278,0.703838,0.518166,0.598080
0.017999,0.647235,1646,2122,1602,2001,2459,2148,2394,2780,2822,1450,3513,2924,1923,2853,,0.709371,0.330487,0.340376,0.326486,0.283323,0.603730,0.551152,0.562544,0.710441,0.400893,0.906281,0.704357,0.518166,0.598080
0.017982,0.665217,1646,2122,1601,2001,2459,2147,2393,2779,2823,1450,3514,2924,1923,2853,,0.709371,0.330487,0.339789,0.326486,0.283323,0.603147,0.550230,0.561845,0.711518,0.400893,0.907278,0.704357,0.518166,0.598080
0.018020,0.683237,1645,2121,1602,2001,2459,2149,2394,2780,2822,1450,3514,2925,1923,2852,,0.708778,0.329633,0.340376,0.326486,0.283323,0.604312,0.551152,0.562544,0.710441,0.400893,0.907278,0.704876,0.518166,0.597394
0.017999,0.701236,1645,2121,1601,2001,2459,2148,2393,2780,2823,1450,3513,2924,1922,2853,,0.708778,0.329633,0.339789,0.326486,0.283323,0.603730,0.550230,0.562544,0.711518,0.400893,0.906281,0.704357,0.517301,0.598080
0.018004,0.719240,1646,2121,1601,2000,2459,2149,2394,2782,2824,1451,3514,2924,1923,2853,,0.709371,0.329633,0.339789,0.325405,0.283323,0.604312,0.551152,0.563941,0.712594,0.401786,0.907278,0.704357,0.518166,0.598080
0.017999,0.737239,1646,2121,1602,2001,2459,2149,2393,2782,2823,1449,3513,2924,1922,2852,,0.709371,0.329633,0.340376,0.326486,0.283323,0.604312,0.550230,0.563941,0.711518,0.400000,0.906281,0.704357,0.517301,0.597394
0.018003,0.755242,1646,2120,1601,2001,2459,2149,2392,2783,2823,1451,3513,2923,1922,2852,,0.709371,0.328779,0.339789,0.326486,0.283323,0.604312,0.549309,0.564640,0.711518,0.401786,0.906281,0.703838,0.517301,0.597394
0.018007,0.773249,1646,2120,1602,2001,2459,2150,2392,2785,2824,1450,3514,2924,1921,2852,,0.709371,0.328779,0.340376,0.326486,0.283323,0.604895,0.549309,0.566038,0.712594,0.400893,0.907278,0.704357,0.516436,0.597394
0.018000,0.791249,1645,2120,1601,2001,2459,2149,2391,2785,2824,1450,3513,2924,1923,2852,,0.708778,0.328779,0.339789,0.326486,0.283323,0.604312,0.548387,0.566038,0.712594,0.400893,0.906281,0.704357,0.518166,0.597394
0.017993,0.809242,1645,2120,1601,2000,2458,2150,2392,2785,2824,1450,3513,2924,1922,2853,,0.708778,0.328779,0.339789,0.325405,0.282679,0.604895,0.549309,0.566038,0.712594,0.400893,0.906281,0.704357,0.517301,0.598080
0.018000,0.827242,1645,2120,1601,2000,2459,2150,2392,2785,2824,1449,3513,2924,1922,2852,,0.708778,0.328779,0.339789,0.325405,0.283323,0.604895,0.549309,0.566038,0.712594,0.400000,0.906281,0.704357,0.517301,0.597394
0.018004,0.845246,1646,2120,1601,2000,2458,2150,2393,2785,2824,1450,3514,2924,1921,2853,,0.709371,0.328779,0.339789,0.325405,0.282679,0.604895,0.550230,0.566038,0.712594,0.400893,0.907278,0.704357,0.516436,0.598080
0.018000,0.863247,1645,2120,1601,2000,2458,2150,2392,2785,2824,1450,3513,2923,1921,2853,,0.708778,0.328779,0.339789,0.325405,0.282679,0.604895,0.549309,0.566038,0.712594,0.400893,0.906281,0.703838,0.516436,0.598080
0.018000,0.881247,1644,2120,1600,2000,2458,2149,2392,2785,2823,1449,3513,2924,1921,2852,,0.708185,0.328779,0.339202,0.325405,0.282679,0.604312,0.549309,0.566038,0.711518,0.400000,0.906281,0.704357,0.516436,0.597394
0.018004,0.899251,1646,2120,1601,2000,2458,2149,2392,2785,2824,1450,3514,2924,1922,2853,,0.709371,0.328779,0.339789,0.325405,0.282679,0.604312,0.549309,0.566038,0.712594,0.400893,0.907278,0.704357,0.517301,0.598080
0.018011,0.917262,1645,2120,1601,2000,2458,2150,2392,2786,2824,1451,3514,2924,1923,2853,,0.708778,0.328779,0.339789,0.325405,0.282679,0.604895,0.549309,0.566737,0.712594,0.401786,0.907278,0.704357,0.518166,0.598080
0.018000,0.935262,1645,2120,1600,2000,2458,2150,2392,2786,2823,1451,3513,2924,1922,2853,,0.708778,0.328779,0.339202,0.325405,0.282679,0.604895,0.549309,0.566737,0.711518,0.401786,0.906281,0.704357,0.517301,0.598080
0.018007,0.953269,1645,2120,1601,2001,2459,2149,2392,2787,2824,1450,3513,2923,1921,2852,,0.708778,0.328779,0.339789,0.326486,0.283323,0.604312,0.549309,0.567435,0.712594,0.400893,0.906281,0.703838,0.516436,0.597394
0.018001,0.971270,1645,2120,1601,2001,2459,2149,2392,2787,2824,1450,3513,2923,1921,2852,,0.708778,0.328779,0.339789,0.326486,0.283323,0.604312,0.549309,0.567435,0.712594,0.400893,0.906281,0.703838,0.516436,0.597394
0.017991,0.989260,1645,2119,1601,2000,2458,2149,2392,2786,2824,1449,3514,2924,1922,2852,,0.708778,0.327925,0.339789,0.325405,0.282679,0.604312,0.549309,0.566737,0.712594,0.400000,0.907278,0.704357,0.517301,0.597394
0.017991,1.007251,1645,2120,1600,2001,2458,2150,2392,2786,2823,1450,3513,2924,1922,2853,,0.708778,0.328779,0.339202,0.326486,0.282679,0.604895,0.549309,0.566737,0.711518,0.400893,0.906281,0.704357,0.517301,0.598080
0.018021,1.025272,1645,2119,1601,2000,2458,2150,2393,2787,2824,1450,3514,2923,1922,2853,,0.708778,0.327925,0.339789,0.325405,0.282679,0.604895,0.550230,0.567435,0.712594,0.400893,0.907278,0.703838,0.517301,0.598080
0.017984,1.043256,1644,2119,1600,2001,2458,2151,2392,2786,2824,1450,3513,2924,1922,2853,,0.708185,0.327925,0.339202,0.326486,0.282679,0.605478,0.549309,0.566737,0.712594,0.400893,0.906281,0.704357,0.517301,0.598080
0.018001,1.061257,1644,2119,1601,2001,2457,2151,2392,2786,2824,1450,3514,2924,1922,2854,,0.708778,0.327925,0.339789,0.326486,0.282035,0.605478,0.549309,0.566737,0.712594,0.400893,0.907278,0.704357,0.517301,0.598765
0.018039,1.079296,1644,2119,1600,2000,2458,2151,2392,2786,2824,1450,3514,2923,1922,2853,,0.708185,0.327925,0.339202,0.325405,0.282679,0.605478,0.549309,0.566737,0.712594,0.400893,0.907278,0.703838,0.517301,0.598080
0.017935,1.097231,1644,2120,1601,2000,2458,2151,2392,2786,2824,1451,3514,2924,1922,2852,,0.708185,0.328779,0.339789,0.325405,0.282679,0.605478,0.549309,0.566737,0.712594,0.401786,0.907278,0.704357,0.517301,0.597394
