GloveManager recording started on 10/20/16 at 17:55:44

,,Glove 1,Glove 1,Glove 1,Glove 1,Glove 1,Glove 1,Glove 1,Glove 1,Glove 1,Glove 1,Glove 1,Glove 1,Glove 1,Glove 1,,Glove 1 Scaled,Glove 1 Scaled,Glove 1 Scaled,Glove 1 Scaled,Glove 1 Scaled,Glove 1 Scaled,Glove 1 Scaled,Glove 1 Scaled,Glove 1 Scaled,Glove 1 Scaled,Glove 1 Scaled,Glove 1 Scaled,Glove 1 Scaled,Glove 1 Scaled
delta time (s), absolute time (s),Thumb Near,Thumb Far,Thumb/Index,Index Near,Index Far,Index/Middle,Middle Near,Middle Far,Middle/Ring,Ring Near,Ring Far,Ring/Little,Little Near,Little Far,,Thumb Near,Thumb Far,Thumb/Index,Index Near,Index Far,Index/Middle,Middle Near,Middle Far,Middle/Ring,Ring Near,Ring Far,Ring/Little,Little Near,Little Far
0.017189,0.017189,1374,1869,1193,2448,2406,2322,2429,3231,2945,1654,3515,2965,2057,3068,,0.548043,0.114432,0.100352,0.809730,0.249195,0.705128,0.583410,0.877708,0.842842,0.583036,0.908275,0.725622,0.634083,0.745542
0.018000,0.035189,1374,1869,1193,2448,2406,2322,2429,3231,2945,1654,3515,2965,2057,3068,,0.548043,0.114432,0.100352,0.809730,0.249195,0.705128,0.583410,0.877708,0.842842,0.583036,0.908275,0.725622,0.634083,0.745542
0.018049,0.053238,1373,1869,1191,2449,2406,2322,2430,3231,2945,1655,3514,2965,2056,3068,,0.547450,0.114432,0.099178,0.810811,0.249195,0.705128,0.584332,0.877708,0.842842,0.583929,0.907278,0.725622,0.633218,0.745542
0.017926,0.071164,1374,1869,1192,2449,2407,2322,2429,3231,2945,1655,3514,2965,2057,3068,,0.548043,0.114432,0.099765,0.810811,0.249839,0.705128,0.583410,0.877708,0.842842,0.583929,0.907278,0.725622,0.634083,0.745542
0.018033,0.089198,1374,1869,1192,2448,2406,2322,2430,3231,2945,1655,3514,2965,2057,3068,,0.548043,0.114432,0.099765,0.809730,0.249195,0.705128,0.584332,0.877708,0.842842,0.583929,0.907278,0.725622,0.634083,0.745542
0.017993,0.107191,1373,1869,1192,2449,2406,2322,2429,3231,2945,1655,3515,2965,2057,3068,,0.547450,0.114432,0.099765,0.810811,0.249195,0.705128,0.583410,0.877708,0.842842,0.583929,0.908275,0.725622,0.634083,0.745542
0.018001,0.125192,1373,1868,1192,2449,2406,2322,2430,3231,2945,1655,3514,2965,2056,3068,,0.547450,0.113578,0.099765,0.810811,0.249195,0.705128,0.584332,0.877708,0.842842,0.583929,0.907278,0.725622,0.633218,0.745542
0.018001,0.143193,1373,1869,1192,2449,2406,2322,2429,3231,2945,1655,3515,2965,2056,3068,,0.547450,0.114432,0.099765,0.810811,0.249195,0.705128,0.583410,0.877708,0.842842,0.583929,0.908275,0.725622,0.633218,0.745542
0.017995,0.161189,1373,1869,1192,2448,2406,2323,2429,3232,2945,1655,3515,2965,2056,3068,,0.547450,0.114432,0.099765,0.809730,0.249195,0.705711,0.583410,0.878407,0.842842,0.583929,0.908275,0.725622,0.633218,0.745542
0.018020,0.179209,1373,1869,1191,2448,2407,2324,2429,3230,2945,1654,3514,2965,2056,3068,,0.547450,0.114432,0.099178,0.809730,0.249839,0.706294,0.583410,0.877009,0.842842,0.583036,0.907278,0.725622,0.633218,0.745542
0.017991,0.197200,1374,1869,1192,2448,2407,2324,2428,3231,2945,1654,3514,2965,2056,3067,,0.548043,0.114432,0.099765,0.809730,0.249839,0.706294,0.582488,0.877708,0.842842,0.583036,0.907278,0.725622,0.633218,0.744856
0.017993,0.215193,1373,1869,1192,2448,2407,2324,2428,3231,2945,1653,3514,2966,2056,3068,,0.547450,0.114432,0.099765,0.809730,0.249839,0.706294,0.582488,0.877708,0.842842,0.582143,0.907278,0.726141,0.633218,0.745542
0.017959,0.233152,1373,1870,1192,2448,2408,2324,2427,3232,2945,1654,3514,2966,2062,3066,,0.547450,0.115286,0.099765,0.809730,0.250483,0.706294,0.581567,0.878407,0.842842,0.583036,0.907278,0.726141,0.638408,0.744170
0.018020,0.251171,1373,1869,1192,2448,2407,2325,2427,3231,2945,1654,3514,2965,2056,3068,,0.547450,0.114432,0.099765,0.809730,0.249839,0.706876,0.581567,0.877708,0.842842,0.583036,0.907278,0.725622,0.633218,0.745542
0.018001,0.269173,1373,1869,1192,2448,2408,2325,2427,3231,2945,1654,3514,2966,2056,3067,,0.547450,0.114432,0.099765,0.809730,0.250483,0.706876,0.581567,0.877708,0.842842,0.583036,0.907278,0.726141,0.633218,0.744856
0.018034,0.287206,1374,1869,1193,2448,2408,2325,2427,3231,2945,1653,3515,2966,2056,3067,,0.548043,0.114432,0.100352,0.809730,0.250483,0.706876,0.581567,0.877708,0.842842,0.582143,0.908275,0.726141,0.633218,0.744856
0.017994,0.305201,1373,1870,1193,2449,2408,2325,2426,3232,2945,1654,3514,2965,2056,3067,,0.547450,0.115286,0.100352,0.810811,0.250483,0.706876,0.580645,0.878407,0.842842,0.583036,0.907278,0.725622,0.633218,0.744856
0.017998,0.323199,1373,1870,1193,2449,2408,2324,2427,3232,2945,1655,3514,2966,2057,3068,,0.547450,0.115286,0.100352,0.810811,0.250483,0.706294,0.581567,0.878407,0.842842,0.583929,0.907278,0.726141,0.634083,0.745542
0.018011,0.341210,1372,1869,1194,2449,2408,2324,2427,3231,2944,1656,3515,2965,2057,3067,,0.546856,0.114432,0.100939,0.810811,0.250483,0.706294,0.581567,0.877708,0.841765,0.584821,0.908275,0.725622,0.634083,0.744856
0.018004,0.359214,1372,1870,1193,2449,2408,2324,2427,3231,2944,1655,3515,2965,2057,3068,,0.546856,0.115286,0.100352,0.810811,0.250483,0.706294,0.581567,0.877708,0.841765,0.583929,0.908275,0.725622,0.634083,0.745542
0.017976,0.377191,1372,1870,1192,2449,2408,2324,2426,3231,2944,1654,3515,2965,2056,3067,,0.546856,0.115286,0.099765,0.810811,0.250483,0.706294,0.580645,0.877708,0.841765,0.583036,0.908275,0.725622,0.633218,0.744856
0.017991,0.395182,1373,1870,1193,2449,2408,2324,2426,3231,2945,1653,3514,2965,2056,3067,,0.547450,0.115286,0.100352,0.810811,0.250483,0.706294,0.580645,0.877708,0.842842,0.582143,0.907278,0.725622,0.633218,0.744856
0.018021,0.413202,1373,1870,1193,2449,2408,2324,2426,3231,2945,1653,3514,2965,2056,3067,,0.547450,0.115286,0.100352,0.810811,0.250483,0.706294,0.580645,0.877708,0.842842,0.582143,0.907278,0.725622,0.633218,0.744856
0.018001,0.431203,1375,1870,1193,2447,2410,2326,2425,3231,2944,1652,3514,2965,2055,3066,,0.548636,0.115286,0.100352,0.808649,0.251771,0.707459,0.579723,0.877708,0.841765,0.581250,0.907278,0.725622,0.632353,0.744170
0.018012,0.449215,1375,1870,1193,2447,2410,2327,2425,3230,2945,1652,3514,2965,2054,3066,,0.548636,0.115286,0.100352,0.808649,0.251771,0.708042,0.579723,0.877009,0.842842,0.581250,0.907278,0.725622,0.631488,0.744170
0.017995,0.467210,1375,1871,1195,2447,2410,2327,2425,3231,2944,1651,3513,2965,2055,3067,,0.548636,0.116140,0.101526,0.808649,0.251771,0.708042,0.579723,0.877708,0.841765,0.580357,0.906281,0.725622,0.632353,0.744856
0.017998,0.485208,1374,1871,1195,2448,2411,2329,2423,3230,2945,1650,3513,2965,2055,3066,,0.548043,0.116140,0.101526,0.809730,0.252415,0.709207,0.577880,0.877009,0.842842,0.579464,0.906281,0.725622,0.632353,0.744170
0.018001,0.503209,1374,1871,1195,2448,2411,2329,2423,3230,2945,1650,3513,2965,2055,3066,,0.548043,0.116140,0.101526,0.809730,0.252415,0.709207,0.577880,0.877009,0.842842,0.579464,0.906281,0.725622,0.632353,0.744170
0.017979,0.521188,1373,1871,1195,2448,2411,2329,2424,3230,2945,1652,3514,2965,2054,3066,,0.547450,0.116140,0.101526,0.809730,0.252415,0.709207,0.578802,0.877009,0.842842,0.581250,0.907278,0.725622,0.631488,0.744170
0.018025,0.539213,1373,1870,1195,2449,2411,2330,2422,3230,2944,1651,3514,2965,2054,3066,,0.547450,0.115286,0.101526,0.810811,0.252415,0.709790,0.576959,0.877009,0.841765,0.580357,0.907278,0.725622,0.631488,0.744170
0.017998,0.557210,1373,1871,1195,2449,2412,2329,2424,3230,2944,1651,3513,2966,2056,3066,,0.547450,0.116140,0.101526,0.810811,0.253059,0.709207,0.578802,0.877009,0.841765,0.580357,0.906281,0.726141,0.633218,0.744170
0.018003,0.575213,1373,1871,1194,2449,2412,2330,2423,3230,2945,1652,3514,2965,2055,3066,,0.547450,0.116140,0.100939,0.810811,0.253059,0.709790,0.577880,0.877009,0.842842,0.581250,0.907278,0.725622,0.632353,0.744170
0.018009,0.593222,1372,1871,1194,2449,2412,2329,2423,3231,2945,1652,3513,2965,2055,3066,,0.546856,0.116140,0.100939,0.810811,0.253059,0.709207,0.577880,0.877708,0.842842,0.581250,0.906281,0.725622,0.632353,0.744170
0.018003,0.611226,1373,1872,1195,2449,2412,2330,2423,3231,2945,1652,3513,2965,2056,3067,,0.547450,0.116994,0.101526,0.810811,0.253059,0.709790,0.577880,0.877708,0.842842,0.581250,0.906281,0.725622,0.633218,0.744856
0.017970,0.629196,1372,1871,1195,2450,2412,2329,2422,3231,2944,1652,3514,2965,2055,3066,,0.546856,0.116140,0.101526,0.811892,0.253059,0.709207,0.576959,0.877708,0.841765,0.581250,0.907278,0.725622,0.632353,0.744170
0.018032,0.647228,1371,1870,1194,2450,2411,2330,2423,3231,2945,1652,3514,2965,2055,3066,,0.546263,0.115286,0.100939,0.811892,0.252415,0.709790,0.577880,0.877708,0.842842,0.581250,0.907278,0.725622,0.632353,0.744170
0.017987,0.665214,1371,1870,1194,2450,2411,2330,2423,3231,2945,1652,3514,2965,2055,3066,,0.546263,0.115286,0.100939,0.811892,0.252415,0.709790,0.577880,0.877708,0.842842,0.581250,0.907278,0.725622,0.632353,0.744170
0.018004,0.683219,1371,1871,1195,2450,2412,2330,2422,3231,2945,1652,3514,2965,2055,3066,,0.546263,0.116140,0.101526,0.811892,0.253059,0.709790,0.576959,0.877708,0.842842,0.581250,0.907278,0.725622,0.632353,0.744170
0.018006,0.701225,1371,1871,1194,2450,2412,2331,2421,3231,2945,1651,3513,2965,2054,3066,,0.546263,0.116140,0.100939,0.811892,0.253059,0.710373,0.576037,0.877708,0.842842,0.580357,0.906281,0.725622,0.631488,0.744170
0.017993,0.719218,1372,1871,1195,2450,2412,2331,2422,3231,2945,1651,3513,2965,2055,3067,,0.546856,0.116140,0.101526,0.811892,0.253059,0.710373,0.576959,0.877708,0.842842,0.580357,0.906281,0.725622,0.632353,0.744856
0.018007,0.737225,1372,1872,1196,2450,2412,2332,2422,3231,2945,1652,3512,2965,2054,3066,,0.546856,0.116994,0.102113,0.811892,0.253059,0.710956,0.576959,0.877708,0.842842,0.581250,0.905284,0.725622,0.631488,0.744170
0.017996,0.755221,1372,1872,1196,2450,2412,2332,2422,3231,2945,1652,3512,2965,2054,3066,,0.546856,0.116994,0.102113,0.811892,0.253059,0.710956,0.576959,0.877708,0.842842,0.581250,0.905284,0.725622,0.631488,0.744170
0.018046,0.773267,1371,1871,1196,2450,2412,2332,2421,3231,2945,1652,3513,2966,2054,3066,,0.546263,0.116140,0.102113,0.811892,0.253059,0.710956,0.576037,0.877708,0.842842,0.581250,0.906281,0.726141,0.631488,0.744170
0.017958,0.791225,1371,1871,1196,2450,2412,2332,2421,3231,2945,1652,3513,2966,2054,3066,,0.546263,0.116140,0.102113,0.811892,0.253059,0.710956,0.576037,0.877708,0.842842,0.581250,0.906281,0.726141,0.631488,0.744170
0.018004,0.809229,1371,1870,1197,2451,2412,2332,2420,3231,2945,1652,3513,2966,2054,3066,,0.546263,0.115286,0.102700,0.812973,0.253059,0.710956,0.575115,0.877708,0.842842,0.581250,0.906281,0.726141,0.631488,0.744170
0.017994,0.827224,1370,1872,1196,2451,2413,2332,2421,3231,2945,1652,3513,2966,2055,3066,,0.545670,0.116994,0.102113,0.812973,0.253703,0.710956,0.576037,0.877708,0.842842,0.581250,0.906281,0.726141,0.632353,0.744170
0.018003,0.845227,1371,1872,1197,2450,2413,2331,2421,3231,2945,1652,3513,2966,2055,3066,,0.546263,0.116994,0.102700,0.811892,0.253703,0.710373,0.576037,0.877708,0.842842,0.581250,0.906281,0.726141,0.632353,0.744170
0.017981,0.863208,1371,1872,1196,2449,2412,2332,2420,3231,2945,1652,3513,2966,2055,3066,,0.546263,0.116994,0.102113,0.810811,0.253059,0.710956,0.575115,0.877708,0.842842,0.581250,0.906281,0.726141,0.632353,0.744170
0.018026,0.881234,1371,1871,1196,2450,2412,2332,2420,3231,2944,1652,3513,2965,2054,3066,,0.546263,0.116140,0.102113,0.811892,0.253059,0.710956,0.575115,0.877708,0.841765,0.581250,0.906281,0.725622,0.631488,0.744170
0.018000,0.899234,1371,1871,1196,2450,2412,2332,2420,3231,2945,1652,3513,2966,2055,3066,,0.546263,0.116140,0.102113,0.811892,0.253059,0.710956,0.575115,0.877708,0.842842,0.581250,0.906281,0.726141,0.632353,0.744170
0.017997,0.917231,1371,1872,1197,2450,2413,2333,2420,3231,2945,1652,3513,2965,2056,3066,,0.546263,0.116994,0.102700,0.811892,0.253703,0.711538,0.575115,0.877708,0.842842,0.581250,0.906281,0.725622,0.633218,0.744170
0.018005,0.935236,1372,1872,1198,2450,2413,2333,2419,3230,2945,1651,3513,2967,2055,3067,,0.546856,0.116994,0.103286,0.811892,0.253703,0.711538,0.574194,0.877009,0.842842,0.580357,0.906281,0.726660,0.632353,0.744856
