GloveManager recording started on 10/20/16 at 17:58:45

,,Glove 1,Glove 1,Glove 1,Glove 1,Glove 1,Glove 1,Glove 1,Glove 1,Glove 1,Glove 1,Glove 1,Glove 1,Glove 1,Glove 1,,Glove 1 Scaled,Glove 1 Scaled,Glove 1 Scaled,Glove 1 Scaled,Glove 1 Scaled,Glove 1 Scaled,Glove 1 Scaled,Glove 1 Scaled,Glove 1 Scaled,Glove 1 Scaled,Glove 1 Scaled,Glove 1 Scaled,Glove 1 Scaled,Glove 1 Scaled
delta time (s), absolute time (s),Thumb Near,Thumb Far,Thumb/Index,Index Near,Index Far,Index/Middle,Middle Near,Middle Far,Middle/Ring,Ring Near,Ring Far,Ring/Little,Little Near,Little Far,,Thumb Near,Thumb Far,Thumb/Index,Index Near,Index Far,Index/Middle,Middle Near,Middle Far,Middle/Ring,Ring Near,Ring Far,Ring/Little,Little Near,Little Far
0.017273,0.017273,1719,2397,1566,2322,2892,2171,2586,3098,2816,1593,3464,2955,1974,3085,,0.752669,0.565329,0.319249,0.673514,0.562138,0.617133,0.728111,0.784766,0.703983,0.528571,0.857428,0.720436,0.562284,0.757202
0.017989,0.035262,1719,2398,1566,2322,2892,2171,2587,3099,2815,1593,3464,2954,1974,3085,,0.752669,0.566183,0.319249,0.673514,0.562138,0.617133,0.729032,0.785465,0.702906,0.528571,0.857428,0.719917,0.562284,0.757202
0.017976,0.053238,1719,2397,1566,2322,2891,2170,2588,3098,2815,1593,3464,2954,1974,3086,,0.752669,0.565329,0.319249,0.673514,0.561494,0.616550,0.729954,0.784766,0.702906,0.528571,0.857428,0.719917,0.562284,0.757888
0.018024,0.071263,1719,2397,1566,2322,2892,2171,2586,3099,2815,1594,3465,2954,1974,3085,,0.752669,0.565329,0.319249,0.673514,0.562138,0.617133,0.728111,0.785465,0.702906,0.529464,0.858425,0.719917,0.562284,0.757202
0.018022,0.089284,1719,2397,1566,2322,2891,2171,2587,3098,2815,1593,3464,2954,1974,3085,,0.752669,0.565329,0.319249,0.673514,0.561494,0.617133,0.729032,0.784766,0.702906,0.528571,0.857428,0.719917,0.562284,0.757202
0.017985,0.107270,1719,2398,1566,2322,2892,2170,2587,3099,2815,1593,3464,2954,1974,3086,,0.752669,0.566183,0.319249,0.673514,0.562138,0.616550,0.729032,0.785465,0.702906,0.528571,0.857428,0.719917,0.562284,0.757888
0.017999,0.125269,1719,2397,1566,2321,2892,2170,2587,3099,2814,1593,3465,2953,1974,3084,,0.752669,0.565329,0.319249,0.672432,0.562138,0.616550,0.729032,0.785465,0.701830,0.528571,0.858425,0.719398,0.562284,0.756516
0.018010,0.143279,1719,2397,1566,2322,2892,2171,2587,3099,2815,1593,3464,2954,1974,3085,,0.752669,0.565329,0.319249,0.673514,0.562138,0.617133,0.729032,0.785465,0.702906,0.528571,0.857428,0.719917,0.562284,0.757202
0.017997,0.161276,1719,2397,1566,2322,2892,2171,2587,3099,2815,1593,3464,2954,1974,3085,,0.752669,0.565329,0.319249,0.673514,0.562138,0.617133,0.729032,0.785465,0.702906,0.528571,0.857428,0.719917,0.562284,0.757202
0.017997,0.179274,1719,2397,1566,2323,2892,2171,2587,3099,2815,1594,3464,2954,1974,3085,,0.752669,0.565329,0.319249,0.674595,0.562138,0.617133,0.729032,0.785465,0.702906,0.529464,0.857428,0.719917,0.562284,0.757202
0.017999,0.197272,1719,2398,1566,2322,2892,2171,2587,3099,2815,1593,3464,2953,1975,3086,,0.752669,0.566183,0.319249,0.673514,0.562138,0.617133,0.729032,0.785465,0.702906,0.528571,0.857428,0.719398,0.563149,0.757888
0.017980,0.215253,1720,2398,1567,2323,2891,2171,2587,3099,2815,1593,3464,2954,1974,3086,,0.753262,0.566183,0.319836,0.674595,0.561494,0.617133,0.729032,0.785465,0.702906,0.528571,0.857428,0.719917,0.562284,0.757888
0.017977,0.233230,1720,2397,1565,2322,2891,2171,2586,3100,2814,1593,3464,2954,1974,3084,,0.753262,0.565329,0.318662,0.673514,0.561494,0.617133,0.728111,0.786164,0.701830,0.528571,0.857428,0.719917,0.562284,0.756516
0.018057,0.251286,1720,2397,1566,2322,2891,2172,2587,3099,2814,1593,3464,2954,1975,3086,,0.753262,0.565329,0.319249,0.673514,0.561494,0.617716,0.729032,0.785465,0.701830,0.528571,0.857428,0.719917,0.563149,0.757888
0.017989,0.269275,1720,2397,1565,2322,2891,2171,2588,3099,2814,1594,3464,2954,1974,3085,,0.753262,0.565329,0.318662,0.673514,0.561494,0.617133,0.729954,0.785465,0.701830,0.529464,0.857428,0.719917,0.562284,0.757202
0.017996,0.287271,1720,2397,1566,2322,2891,2171,2587,3099,2814,1593,3464,2954,1975,3085,,0.753262,0.565329,0.319249,0.673514,0.561494,0.617133,0.729032,0.785465,0.701830,0.528571,0.857428,0.719917,0.563149,0.757202
0.018004,0.305276,1720,2397,1566,2322,2891,2171,2587,3099,2814,1593,3464,2954,1975,3085,,0.753262,0.565329,0.319249,0.673514,0.561494,0.617133,0.729032,0.785465,0.701830,0.528571,0.857428,0.719917,0.563149,0.757202
0.018016,0.323292,1720,2397,1566,2323,2891,2172,2588,3098,2814,1594,3465,2954,1975,3086,,0.753262,0.565329,0.319249,0.674595,0.561494,0.617716,0.729954,0.784766,0.701830,0.529464,0.858425,0.719917,0.563149,0.757888
0.018002,0.341294,1719,2398,1566,2322,2892,2172,2588,3099,2814,1594,3465,2954,1975,3085,,0.752669,0.566183,0.319249,0.673514,0.562138,0.617716,0.729954,0.785465,0.701830,0.529464,0.858425,0.719917,0.563149,0.757202
0.017984,0.359279,1720,2397,1567,2322,2891,2171,2588,3098,2814,1595,3464,2954,1975,3085,,0.753262,0.565329,0.319836,0.673514,0.561494,0.617133,0.729954,0.784766,0.701830,0.530357,0.857428,0.719917,0.563149,0.757202
0.017988,0.377267,1720,2397,1567,2322,2891,2171,2588,3098,2814,1595,3464,2954,1975,3085,,0.753262,0.565329,0.319836,0.673514,0.561494,0.617133,0.729954,0.784766,0.701830,0.530357,0.857428,0.719917,0.563149,0.757202
0.018014,0.395281,1720,2398,1566,2322,2891,2172,2589,3099,2813,1594,3465,2954,1975,3085,,0.753262,0.566183,0.319249,0.673514,0.561494,0.617716,0.730876,0.785465,0.700754,0.529464,0.858425,0.719917,0.563149,0.757202
0.018044,0.413326,1720,2398,1567,2321,2891,2171,2589,3099,2814,1594,3465,2954,1976,3086,,0.753262,0.566183,0.319836,0.672432,0.561494,0.617133,0.730876,0.785465,0.701830,0.529464,0.858425,0.719917,0.564014,0.757888
0.017956,0.431282,1720,2398,1567,2322,2890,2171,2590,3099,2813,1594,3464,2955,1976,3086,,0.753262,0.566183,0.319836,0.673514,0.560850,0.617133,0.731797,0.785465,0.700754,0.529464,0.857428,0.720436,0.564014,0.757888
0.018008,0.449290,1721,2398,1567,2322,2891,2172,2589,3099,2813,1594,3465,2954,1975,3086,,0.753855,0.566183,0.319836,0.673514,0.561494,0.617716,0.730876,0.785465,0.700754,0.529464,0.858425,0.719917,0.563149,0.757888
0.018025,0.467315,1719,2397,1567,2322,2891,2172,2589,3099,2813,1595,3465,2955,1976,3086,,0.752669,0.565329,0.319836,0.673514,0.561494,0.617716,0.730876,0.785465,0.700754,0.530357,0.858425,0.720436,0.564014,0.757888
0.018009,0.485323,1720,2397,1566,2321,2891,2171,2590,3100,2813,1595,3465,2955,1977,3086,,0.753262,0.565329,0.319249,0.672432,0.561494,0.617133,0.731797,0.786164,0.700754,0.530357,0.858425,0.720436,0.564879,0.757888
0.017963,0.503286,1720,2397,1566,2321,2891,2171,2590,3100,2813,1595,3465,2955,1977,3086,,0.753262,0.565329,0.319249,0.672432,0.561494,0.617133,0.731797,0.786164,0.700754,0.530357,0.858425,0.720436,0.564879,0.757888
0.018013,0.521299,1721,2398,1567,2322,2891,2172,2590,3100,2813,1596,3464,2954,1977,3087,,0.753855,0.566183,0.319836,0.673514,0.561494,0.617716,0.731797,0.786164,0.700754,0.531250,0.857428,0.719917,0.564879,0.758573
0.018001,0.539300,1719,2398,1566,2321,2892,2172,2590,3099,2812,1596,3465,2955,1977,3087,,0.752669,0.566183,0.319249,0.672432,0.562138,0.617716,0.731797,0.785465,0.699677,0.531250,0.858425,0.720436,0.564879,0.758573
0.018001,0.557301,1720,2398,1566,2321,2891,2172,2589,3100,2813,1596,3465,2955,1977,3086,,0.753262,0.566183,0.319249,0.672432,0.561494,0.617716,0.730876,0.786164,0.700754,0.531250,0.858425,0.720436,0.564879,0.757888
0.017996,0.575297,1720,2398,1566,2322,2890,2172,2590,3099,2812,1596,3465,2955,1977,3086,,0.753262,0.566183,0.319249,0.673514,0.560850,0.617716,0.731797,0.785465,0.699677,0.531250,0.858425,0.720436,0.564879,0.757888
0.018006,0.593303,1720,2399,1566,2322,2891,2171,2589,3099,2812,1596,3465,2955,1977,3087,,0.753262,0.567037,0.319249,0.673514,0.561494,0.617133,0.730876,0.785465,0.699677,0.531250,0.858425,0.720436,0.564879,0.758573
0.017989,0.611292,1720,2398,1566,2322,2891,2173,2589,3100,2812,1595,3464,2954,1977,3087,,0.753262,0.566183,0.319249,0.673514,0.561494,0.618298,0.730876,0.786164,0.699677,0.530357,0.857428,0.719917,0.564879,0.758573
0.018008,0.629300,1720,2397,1566,2322,2891,2172,2589,3099,2811,1595,3465,2954,1977,3086,,0.753262,0.565329,0.319249,0.673514,0.561494,0.617716,0.730876,0.785465,0.698601,0.530357,0.858425,0.719917,0.564879,0.757888
0.017984,0.647283,1721,2398,1566,2322,2891,2171,2589,3099,2812,1596,3464,2954,1978,3086,,0.753855,0.566183,0.319249,0.673514,0.561494,0.617133,0.730876,0.785465,0.699677,0.531250,0.857428,0.719917,0.565744,0.757888
0.018014,0.665297,1720,2398,1566,2322,2890,2172,2589,3099,2812,1596,3465,2954,1978,3087,,0.753262,0.566183,0.319249,0.673514,0.560850,0.617716,0.730876,0.785465,0.699677,0.531250,0.858425,0.719917,0.565744,0.758573
0.018006,0.683303,1720,2398,1566,2322,2891,2172,2589,3099,2812,1596,3465,2954,1977,3086,,0.753262,0.566183,0.319249,0.673514,0.561494,0.617716,0.730876,0.785465,0.699677,0.531250,0.858425,0.719917,0.564879,0.757888
0.017981,0.701285,1721,2397,1567,2322,2891,2172,2589,3100,2812,1596,3464,2954,1978,3087,,0.753855,0.565329,0.319836,0.673514,0.561494,0.617716,0.730876,0.786164,0.699677,0.531250,0.857428,0.719917,0.565744,0.758573
0.017994,0.719279,1721,2398,1566,2322,2890,2172,2589,3099,2812,1596,3464,2954,1977,3086,,0.753855,0.566183,0.319249,0.673514,0.560850,0.617716,0.730876,0.785465,0.699677,0.531250,0.857428,0.719917,0.564879,0.757888
0.017969,0.737248,1720,2398,1565,2324,2890,2173,2589,3098,2812,1596,3465,2954,1977,3086,,0.753262,0.566183,0.318662,0.675676,0.560850,0.618298,0.730876,0.784766,0.699677,0.531250,0.858425,0.719917,0.564879,0.757888
0.018028,0.755275,1720,2398,1566,2322,2890,2171,2589,3099,2812,1596,3464,2954,1978,3086,,0.753262,0.566183,0.319249,0.673514,0.560850,0.617133,0.730876,0.785465,0.699677,0.531250,0.857428,0.719917,0.565744,0.757888
0.018029,0.773305,1721,2398,1566,2323,2890,2173,2589,3100,2811,1596,3465,2955,1977,3086,,0.753855,0.566183,0.319249,0.674595,0.560850,0.618298,0.730876,0.786164,0.698601,0.531250,0.858425,0.720436,0.564879,0.757888
0.017996,0.791301,1721,2398,1566,2322,2891,2172,2590,3099,2812,1596,3465,2955,1978,3086,,0.753855,0.566183,0.319249,0.673514,0.561494,0.617716,0.731797,0.785465,0.699677,0.531250,0.858425,0.720436,0.565744,0.757888
0.018011,0.809312,1721,2398,1566,2322,2891,2172,2590,3099,2812,1596,3465,2955,1978,3086,,0.753855,0.566183,0.319249,0.673514,0.561494,0.617716,0.731797,0.785465,0.699677,0.531250,0.858425,0.720436,0.565744,0.757888
0.017993,0.827306,1721,2397,1566,2322,2890,2172,2590,3100,2811,1596,3465,2955,1977,3087,,0.753855,0.565329,0.319249,0.673514,0.560850,0.617716,0.731797,0.786164,0.698601,0.531250,0.858425,0.720436,0.564879,0.758573
0.017999,0.845305,1720,2397,1565,2321,2890,2172,2590,3100,2812,1596,3465,2954,1977,3087,,0.753262,0.565329,0.318662,0.672432,0.560850,0.617716,0.731797,0.786164,0.699677,0.531250,0.858425,0.719917,0.564879,0.758573
0.018006,0.863311,1719,2397,1565,2321,2889,2171,2589,3099,2811,1595,3465,2954,1978,3086,,0.752669,0.565329,0.318662,0.672432,0.560206,0.617133,0.730876,0.785465,0.698601,0.530357,0.858425,0.719917,0.565744,0.757888
0.018004,0.881315,1720,2397,1565,2321,2889,2172,2589,3098,2811,1596,3466,2954,1977,3086,,0.753262,0.565329,0.318662,0.672432,0.560206,0.617716,0.730876,0.784766,0.698601,0.531250,0.859422,0.719917,0.564879,0.757888
0.018023,0.899338,1720,2397,1565,2321,2889,2172,2589,3098,2811,1596,3466,2954,1979,3086,,0.753262,0.565329,0.318662,0.672432,0.560206,0.617716,0.730876,0.784766,0.698601,0.531250,0.859422,0.719917,0.566609,0.757888
0.017973,0.917310,1720,2397,1565,2322,2889,2172,2589,3099,2811,1596,3465,2954,1977,3086,,0.753262,0.565329,0.318662,0.673514,0.560206,0.617716,0.730876,0.785465,0.698601,0.531250,0.858425,0.719917,0.564879,0.757888
0.018000,0.935310,1721,2397,1565,2322,2889,2172,2589,3098,2811,1596,3465,2954,1978,3086,,0.753855,0.565329,0.318662,0.673514,0.560206,0.617716,0.730876,0.784766,0.698601,0.531250,0.858425,0.719917,0.565744,0.757888
0.017986,0.953296,1721,2397,1565,2322,2889,2172,2589,3097,2811,1596,3465,2955,1978,3086,,0.753855,0.565329,0.318662,0.673514,0.560206,0.617716,0.730876,0.784067,0.698601,0.531250,0.858425,0.720436,0.565744,0.757888
0.018025,0.971321,1720,2396,1565,2322,2888,2172,2589,3098,2811,1595,3464,2954,1978,3087,,0.753262,0.564475,0.318662,0.673514,0.559562,0.617716,0.730876,0.784766,0.698601,0.530357,0.857428,0.719917,0.565744,0.758573
0.017992,0.989313,1720,2396,1565,2322,2888,2172,2589,3098,2811,1595,3464,2954,1978,3087,,0.753262,0.564475,0.318662,0.673514,0.559562,0.617716,0.730876,0.784766,0.698601,0.530357,0.857428,0.719917,0.565744,0.758573
0.018009,1.007322,1720,2396,1565,2322,2889,2172,2589,3099,2810,1596,3464,2955,1977,3086,,0.753262,0.564475,0.318662,0.673514,0.560206,0.617716,0.730876,0.785465,0.697524,0.531250,0.857428,0.720436,0.564879,0.757888
0.017994,1.025316,1721,2397,1566,2322,2889,2172,2589,3099,2811,1596,3465,2955,1978,3087,,0.753855,0.565329,0.319249,0.673514,0.560206,0.617716,0.730876,0.785465,0.698601,0.531250,0.858425,0.720436,0.565744,0.758573
0.018000,1.043317,1721,2396,1565,2322,2890,2172,2589,3099,2811,1596,3465,2954,1979,3085,,0.753855,0.564475,0.318662,0.673514,0.560850,0.617716,0.730876,0.785465,0.698601,0.531250,0.858425,0.719917,0.566609,0.757202
0.018005,1.061321,1721,2396,1565,2322,2889,2172,2589,3099,2811,1596,3464,2955,1979,3087,,0.753855,0.564475,0.318662,0.673514,0.560206,0.617716,0.730876,0.785465,0.698601,0.531250,0.857428,0.720436,0.566609,0.758573
0.017995,1.079316,1721,2397,1565,2321,2890,2171,2589,3099,2811,1596,3465,2955,1979,3086,,0.753855,0.565329,0.318662,0.672432,0.560850,0.617133,0.730876,0.785465,0.698601,0.531250,0.858425,0.720436,0.566609,0.757888
0.018019,1.097336,1721,2397,1565,2321,2890,2171,2589,3099,2811,1596,3465,2955,1979,3086,,0.753855,0.565329,0.318662,0.672432,0.560850,0.617133,0.730876,0.785465,0.698601,0.531250,0.858425,0.720436,0.566609,0.757888
0.017987,1.115322,1721,2397,1565,2322,2890,2172,2590,3099,2811,1596,3465,2955,1978,3086,,0.753855,0.565329,0.318662,0.673514,0.560850,0.617716,0.731797,0.785465,0.698601,0.531250,0.858425,0.720436,0.565744,0.757888
0.017998,1.133320,1721,2397,1565,2323,2889,2172,2590,3099,2810,1596,3464,2955,1978,3086,,0.753855,0.565329,0.318662,0.674595,0.560206,0.617716,0.731797,0.785465,0.697524,0.531250,0.857428,0.720436,0.565744,0.757888
0.017985,1.151305,1721,2398,1565,2322,2889,2172,2590,3099,2811,1596,3464,2954,1979,3086,,0.753855,0.566183,0.318662,0.673514,0.560206,0.617716,0.731797,0.785465,0.698601,0.531250,0.857428,0.719917,0.566609,0.757888
0.018025,1.169330,1721,2397,1565,2322,2889,2172,2590,3099,2810,1596,3465,2955,1979,3086,,0.753855,0.565329,0.318662,0.673514,0.560206,0.617716,0.731797,0.785465,0.697524,0.531250,0.858425,0.720436,0.566609,0.757888
