GloveManager recording started on 10/20/16 at 15:58:32

,,Glove 1,Glove 1,Glove 1,Glove 1,Glove 1,Glove 1,Glove 1,Glove 1,Glove 1,Glove 1,Glove 1,Glove 1,Glove 1,Glove 1,,Glove 1 Scaled,Glove 1 Scaled,Glove 1 Scaled,Glove 1 Scaled,Glove 1 Scaled,Glove 1 Scaled,Glove 1 Scaled,Glove 1 Scaled,Glove 1 Scaled,Glove 1 Scaled,Glove 1 Scaled,Glove 1 Scaled,Glove 1 Scaled,Glove 1 Scaled
delta time (s), absolute time (s),Thumb Near,Thumb Far,Thumb/Index,Index Near,Index Far,Index/Middle,Middle Near,Middle Far,Middle/Ring,Ring Near,Ring Far,Ring/Little,Little Near,Little Far,,Thumb Near,Thumb Far,Thumb/Index,Index Near,Index Far,Index/Middle,Middle Near,Middle Far,Middle/Ring,Ring Near,Ring Far,Ring/Little,Little Near,Little Far
0.017810,0.017810,1025,1873,1600,2430,2915,2306,2406,2959,2891,1678,3336,2972,1952,2786,,0.148581,0.105200,0.469349,0.800965,0.578160,0.825243,0.647629,0.731092,0.855952,0.603131,0.824455,0.891720,0.672794,0.576564
0.018024,0.035834,1025,1873,1600,2430,2915,2306,2406,2959,2891,1678,3336,2972,1952,2786,,0.148581,0.105200,0.469349,0.800965,0.578160,0.825243,0.647629,0.731092,0.855952,0.603131,0.824455,0.891720,0.672794,0.576564
0.017956,0.053790,1024,1873,1600,2429,2915,2306,2406,2960,2891,1677,3335,2972,1953,2787,,0.146912,0.105200,0.469349,0.799759,0.578160,0.825243,0.647629,0.731856,0.855952,0.602210,0.823245,0.891720,0.674020,0.577283
0.018053,0.071843,1024,1873,1600,2429,2915,2306,2406,2960,2891,1677,3335,2972,1953,2787,,0.146912,0.105200,0.469349,0.799759,0.578160,0.825243,0.647629,0.731856,0.855952,0.602210,0.823245,0.891720,0.674020,0.577283
0.017994,0.089838,1025,1872,1600,2429,2916,2306,2405,2960,2891,1677,3336,2971,1952,2786,,0.148581,0.103990,0.469349,0.799759,0.578908,0.825243,0.646552,0.731856,0.855952,0.602210,0.824455,0.890810,0.672794,0.576564
0.017997,0.107835,1024,1873,1600,2430,2916,2306,2406,2960,2891,1677,3335,2971,1953,2786,,0.146912,0.105200,0.469349,0.800965,0.578908,0.825243,0.647629,0.731856,0.855952,0.602210,0.823245,0.890810,0.674020,0.576564
0.018002,0.125837,1024,1873,1600,2430,2915,2306,2405,2960,2891,1677,3336,2972,1953,2786,,0.146912,0.105200,0.469349,0.800965,0.578160,0.825243,0.646552,0.731856,0.855952,0.602210,0.824455,0.891720,0.674020,0.576564
0.018003,0.143840,1024,1872,1600,2430,2916,2306,2406,2961,2890,1677,3335,2971,1952,2786,,0.146912,0.103990,0.469349,0.800965,0.578908,0.825243,0.647629,0.732620,0.854762,0.602210,0.823245,0.890810,0.672794,0.576564
0.018001,0.161841,1025,1874,1600,2430,2917,2306,2406,2961,2891,1677,3335,2971,1953,2787,,0.148581,0.106409,0.469349,0.800965,0.579656,0.825243,0.647629,0.732620,0.855952,0.602210,0.823245,0.890810,0.674020,0.577283
0.017984,0.179826,1025,1874,1600,2430,2917,2306,2406,2961,2891,1677,3335,2971,1953,2787,,0.148581,0.106409,0.469349,0.800965,0.579656,0.825243,0.647629,0.732620,0.855952,0.602210,0.823245,0.890810,0.674020,0.577283
0.018017,0.197843,1024,1873,1600,2430,2916,2306,2406,2960,2891,1676,3336,2972,1954,2787,,0.146912,0.105200,0.469349,0.800965,0.578908,0.825243,0.647629,0.731856,0.855952,0.601289,0.824455,0.891720,0.675245,0.577283
0.018001,0.215844,1024,1872,1600,2430,2916,2306,2406,2960,2890,1677,3335,2972,1953,2785,,0.146912,0.103990,0.469349,0.800965,0.578908,0.825243,0.647629,0.731856,0.854762,0.602210,0.823245,0.891720,0.674020,0.575845
0.018009,0.233853,1024,1873,1601,2430,2916,2306,2406,2960,2891,1677,3335,2971,1954,2786,,0.146912,0.105200,0.470307,0.800965,0.578908,0.825243,0.647629,0.731856,0.855952,0.602210,0.823245,0.890810,0.675245,0.576564
0.017991,0.251845,1024,1873,1600,2430,2917,2307,2406,2960,2891,1677,3336,2971,1954,2786,,0.146912,0.105200,0.469349,0.800965,0.579656,0.826125,0.647629,0.731856,0.855952,0.602210,0.824455,0.890810,0.675245,0.576564
0.018002,0.269847,1024,1873,1600,2430,2916,2307,2405,2961,2891,1677,3336,2971,1954,2786,,0.146912,0.105200,0.469349,0.800965,0.578908,0.826125,0.646552,0.732620,0.855952,0.602210,0.824455,0.890810,0.675245,0.576564
0.017998,0.287846,1025,1873,1600,2430,2917,2306,2406,2960,2891,1678,3336,2971,1954,2786,,0.148581,0.105200,0.469349,0.800965,0.579656,0.825243,0.647629,0.731856,0.855952,0.603131,0.824455,0.890810,0.675245,0.576564
0.018002,0.305848,1024,1873,1600,2430,2916,2307,2406,2961,2891,1677,3335,2971,1955,2786,,0.146912,0.105200,0.469349,0.800965,0.578908,0.826125,0.647629,0.732620,0.855952,0.602210,0.823245,0.890810,0.676471,0.576564
0.018008,0.323856,1025,1874,1600,2430,2915,2307,2407,2960,2890,1676,3336,2972,1954,2786,,0.148581,0.106409,0.469349,0.800965,0.578160,0.826125,0.648707,0.731856,0.854762,0.601289,0.824455,0.891720,0.675245,0.576564
0.017997,0.341853,1025,1873,1599,2430,2917,2306,2406,2961,2891,1677,3336,2971,1955,2786,,0.148581,0.105200,0.468391,0.800965,0.579656,0.825243,0.647629,0.732620,0.855952,0.602210,0.824455,0.890810,0.676471,0.576564
0.017975,0.359828,1025,1873,1599,2430,2917,2306,2406,2961,2891,1677,3336,2971,1955,2786,,0.148581,0.105200,0.468391,0.800965,0.579656,0.825243,0.647629,0.732620,0.855952,0.602210,0.824455,0.890810,0.676471,0.576564
0.018038,0.377865,1025,1873,1600,2430,2916,2307,2406,2961,2891,1677,3336,2971,1955,2786,,0.148581,0.105200,0.469349,0.800965,0.578908,0.826125,0.647629,0.732620,0.855952,0.602210,0.824455,0.890810,0.676471,0.576564
0.017988,0.395853,1025,1873,1600,2430,2916,2306,2407,2961,2891,1677,3336,2971,1954,2786,,0.148581,0.105200,0.469349,0.800965,0.578908,0.825243,0.648707,0.732620,0.855952,0.602210,0.824455,0.890810,0.675245,0.576564
0.018020,0.413873,1025,1873,1600,2430,2916,2306,2407,2961,2891,1677,3336,2971,1954,2786,,0.148581,0.105200,0.469349,0.800965,0.578908,0.825243,0.648707,0.732620,0.855952,0.602210,0.824455,0.890810,0.675245,0.576564
0.017935,0.431808,1026,1874,1600,2430,2917,2306,2407,2962,2891,1677,3336,2971,1955,2786,,0.150250,0.106409,0.469349,0.800965,0.579656,0.825243,0.648707,0.733384,0.855952,0.602210,0.824455,0.890810,0.676471,0.576564
0.018052,0.449859,1026,1874,1602,2431,2916,2307,2407,2961,2891,1677,3336,2971,1955,2786,,0.150250,0.106409,0.471264,0.802171,0.578908,0.826125,0.648707,0.732620,0.855952,0.602210,0.824455,0.890810,0.676471,0.576564
0.017991,0.467850,1026,1874,1601,2430,2917,2306,2407,2961,2890,1677,3336,2971,1955,2786,,0.150250,0.106409,0.470307,0.800965,0.579656,0.825243,0.648707,0.732620,0.854762,0.602210,0.824455,0.890810,0.676471,0.576564
0.018010,0.485860,1026,1874,1600,2430,2916,2307,2407,2961,2891,1677,3336,2971,1955,2786,,0.150250,0.106409,0.469349,0.800965,0.578908,0.826125,0.648707,0.732620,0.855952,0.602210,0.824455,0.890810,0.676471,0.576564
0.018012,0.503872,1026,1873,1600,2431,2916,2306,2407,2961,2890,1676,3336,2971,1955,2785,,0.150250,0.105200,0.469349,0.802171,0.578908,0.825243,0.648707,0.732620,0.854762,0.601289,0.824455,0.890810,0.676471,0.575845
0.017992,0.521863,1025,1874,1600,2431,2917,2307,2406,2961,2891,1676,3336,2971,1955,2786,,0.148581,0.106409,0.469349,0.802171,0.579656,0.826125,0.647629,0.732620,0.855952,0.601289,0.824455,0.890810,0.676471,0.576564
0.018007,0.539871,1025,1873,1601,2430,2917,2306,2406,2961,2891,1676,3336,2970,1955,2786,,0.148581,0.105200,0.470307,0.800965,0.579656,0.825243,0.647629,0.732620,0.855952,0.601289,0.824455,0.889900,0.676471,0.576564
0.018000,0.557871,1025,1873,1600,2431,2917,2306,2407,2961,2891,1676,3335,2971,1955,2786,,0.148581,0.105200,0.469349,0.802171,0.579656,0.825243,0.648707,0.732620,0.855952,0.601289,0.823245,0.890810,0.676471,0.576564
0.018000,0.575870,1025,1873,1601,2431,2917,2307,2407,2961,2891,1676,3337,2971,1955,2786,,0.148581,0.105200,0.470307,0.802171,0.579656,0.826125,0.648707,0.732620,0.855952,0.601289,0.825666,0.890810,0.676471,0.576564
0.017955,0.593825,1025,1873,1600,2430,2917,2306,2406,2960,2891,1676,3336,2970,1954,2786,,0.148581,0.105200,0.469349,0.800965,0.579656,0.825243,0.647629,0.731856,0.855952,0.601289,0.824455,0.889900,0.675245,0.576564
0.018040,0.611866,1025,1873,1600,2430,2917,2306,2406,2960,2891,1676,3336,2970,1954,2786,,0.148581,0.105200,0.469349,0.800965,0.579656,0.825243,0.647629,0.731856,0.855952,0.601289,0.824455,0.889900,0.675245,0.576564
0.018014,0.629879,1025,1873,1600,2430,2917,2306,2407,2961,2891,1675,3336,2970,1954,2786,,0.148581,0.105200,0.469349,0.800965,0.579656,0.825243,0.648707,0.732620,0.855952,0.600368,0.824455,0.889900,0.675245,0.576564
0.017987,0.647866,1025,1872,1600,2430,2917,2307,2406,2960,2891,1676,3337,2971,1954,2785,,0.148581,0.103990,0.469349,0.800965,0.579656,0.826125,0.647629,0.731856,0.855952,0.601289,0.825666,0.890810,0.675245,0.575845
0.017991,0.665857,1025,1873,1601,2431,2917,2307,2407,2962,2891,1676,3337,2971,1954,2786,,0.148581,0.105200,0.470307,0.802171,0.579656,0.826125,0.648707,0.733384,0.855952,0.601289,0.825666,0.890810,0.675245,0.576564
0.018010,0.683867,1025,1872,1601,2430,2916,2307,2407,2961,2891,1676,3337,2971,1955,2786,,0.148581,0.103990,0.470307,0.800965,0.578908,0.826125,0.648707,0.732620,0.855952,0.601289,0.825666,0.890810,0.676471,0.576564
0.018007,0.701874,1025,1873,1601,2430,2916,2306,2406,2961,2891,1676,3337,2970,1954,2785,,0.148581,0.105200,0.470307,0.800965,0.578908,0.825243,0.647629,0.732620,0.855952,0.601289,0.825666,0.889900,0.675245,0.575845
0.017998,0.719872,1025,1872,1600,2431,2917,2306,2406,2961,2891,1676,3337,2971,1954,2785,,0.148581,0.103990,0.469349,0.802171,0.579656,0.825243,0.647629,0.732620,0.855952,0.601289,0.825666,0.890810,0.675245,0.575845
0.018003,0.737875,1025,1873,1600,2431,2918,2306,2406,2960,2890,1674,3336,2970,1954,2785,,0.148581,0.105200,0.469349,0.802171,0.580404,0.825243,0.647629,0.731856,0.854762,0.599447,0.824455,0.889900,0.675245,0.575845
0.017995,0.755870,1025,1873,1600,2431,2918,2306,2406,2960,2890,1674,3336,2970,1954,2785,,0.148581,0.105200,0.469349,0.802171,0.580404,0.825243,0.647629,0.731856,0.854762,0.599447,0.824455,0.889900,0.675245,0.575845
0.018001,0.773871,1024,1872,1600,2430,2917,2306,2405,2961,2891,1674,3337,2971,1955,2785,,0.146912,0.103990,0.469349,0.800965,0.579656,0.825243,0.646552,0.732620,0.855952,0.599447,0.825666,0.890810,0.676471,0.575845
0.017980,0.791851,1025,1872,1601,2431,2917,2307,2406,2961,2892,1676,3336,2970,1955,2785,,0.148581,0.103990,0.470307,0.802171,0.579656,0.826125,0.647629,0.732620,0.857143,0.601289,0.824455,0.889900,0.676471,0.575845
0.018029,0.809880,1024,1872,1600,2430,2917,2306,2406,2962,2891,1676,3337,2970,1954,2785,,0.146912,0.103990,0.469349,0.800965,0.579656,0.825243,0.647629,0.733384,0.855952,0.601289,0.825666,0.889900,0.675245,0.575845
0.017991,0.827871,1024,1873,1601,2431,2917,2307,2407,2962,2891,1676,3337,2970,1954,2784,,0.146912,0.105200,0.470307,0.802171,0.579656,0.826125,0.648707,0.733384,0.855952,0.601289,0.825666,0.889900,0.675245,0.575126
0.018012,0.845883,1024,1872,1601,2430,2917,2306,2406,2961,2891,1674,3337,2971,1953,2785,,0.146912,0.103990,0.470307,0.800965,0.579656,0.825243,0.647629,0.732620,0.855952,0.599447,0.825666,0.890810,0.674020,0.575845
0.018000,0.863883,1024,1872,1600,2431,2917,2306,2406,2961,2891,1675,3337,2971,1955,2785,,0.146912,0.103990,0.469349,0.802171,0.579656,0.825243,0.647629,0.732620,0.855952,0.600368,0.825666,0.890810,0.676471,0.575845
0.017974,0.881857,1025,1873,1601,2431,2918,2306,2407,2962,2891,1676,3337,2970,1954,2786,,0.148581,0.105200,0.470307,0.802171,0.580404,0.825243,0.648707,0.733384,0.855952,0.601289,0.825666,0.889900,0.675245,0.576564
0.018029,0.899886,1025,1873,1601,2430,2917,2306,2406,2961,2891,1675,3336,2970,1955,2786,,0.148581,0.105200,0.470307,0.800965,0.579656,0.825243,0.647629,0.732620,0.855952,0.600368,0.824455,0.889900,0.676471,0.576564
0.017996,0.917882,1024,1872,1601,2430,2918,2306,2407,2961,2891,1675,3336,2970,1954,2785,,0.146912,0.103990,0.470307,0.800965,0.580404,0.825243,0.648707,0.732620,0.855952,0.600368,0.824455,0.889900,0.675245,0.575845
0.018027,0.935909,1023,1872,1601,2430,2917,2306,2407,2961,2891,1675,3337,2970,1955,2785,,0.145242,0.103990,0.470307,0.800965,0.579656,0.825243,0.648707,0.732620,0.855952,0.600368,0.825666,0.889900,0.676471,0.575845
0.017976,0.953885,1024,1872,1601,2431,2917,2306,2407,2961,2891,1675,3336,2971,1954,2785,,0.146912,0.103990,0.470307,0.802171,0.579656,0.825243,0.648707,0.732620,0.855952,0.600368,0.824455,0.890810,0.675245,0.575845
0.018005,0.971891,1024,1872,1601,2431,2917,2306,2407,2961,2891,1675,3336,2971,1954,2785,,0.146912,0.103990,0.470307,0.802171,0.579656,0.825243,0.648707,0.732620,0.855952,0.600368,0.824455,0.890810,0.675245,0.575845
0.017996,0.989886,1025,1872,1601,2430,2917,2306,2406,2962,2891,1674,3337,2971,1954,2785,,0.148581,0.103990,0.470307,0.800965,0.579656,0.825243,0.647629,0.733384,0.855952,0.599447,0.825666,0.890810,0.675245,0.575845
0.018003,1.007889,1025,1872,1601,2430,2917,2306,2406,2962,2891,1674,3337,2971,1954,2785,,0.148581,0.103990,0.470307,0.800965,0.579656,0.825243,0.647629,0.733384,0.855952,0.599447,0.825666,0.890810,0.675245,0.575845
0.018008,1.025897,1024,1872,1601,2431,2918,2306,2406,2962,2891,1676,3337,2970,1955,2786,,0.146912,0.103990,0.470307,0.802171,0.580404,0.825243,0.647629,0.733384,0.855952,0.601289,0.825666,0.889900,0.676471,0.576564
0.018006,1.043904,1025,1872,1601,2431,2918,2306,2407,2961,2891,1674,3336,2971,1954,2784,,0.148581,0.103990,0.470307,0.802171,0.580404,0.825243,0.648707,0.732620,0.855952,0.599447,0.824455,0.890810,0.675245,0.575126
0.017980,1.061883,1025,1873,1601,2431,2918,2307,2406,2961,2891,1675,3336,2970,1955,2785,,0.148581,0.105200,0.470307,0.802171,0.580404,0.826125,0.647629,0.732620,0.855952,0.600368,0.824455,0.889900,0.676471,0.575845
0.017979,1.079862,1025,1873,1602,2431,2918,2307,2407,2962,2891,1675,3338,2970,1954,2785,,0.148581,0.105200,0.471264,0.802171,0.580404,0.826125,0.648707,0.733384,0.855952,0.600368,0.826877,0.889900,0.675245,0.575845
0.017981,1.097843,1025,1872,1601,2431,2918,2306,2406,2962,2891,1675,3337,2970,1955,2785,,0.148581,0.103990,0.470307,0.802171,0.580404,0.825243,0.647629,0.733384,0.855952,0.600368,0.825666,0.889900,0.676471,0.575845
0.018048,1.115892,1024,1872,1600,2431,2918,2307,2407,2962,2891,1674,3337,2971,1954,2785,,0.146912,0.103990,0.469349,0.802171,0.580404,0.826125,0.648707,0.733384,0.855952,0.599447,0.825666,0.890810,0.675245,0.575845
0.018001,1.133893,1024,1872,1602,2431,2917,2307,2407,2962,2891,1674,3337,2970,1954,2785,,0.146912,0.103990,0.471264,0.802171,0.579656,0.826125,0.648707,0.733384,0.855952,0.599447,0.825666,0.889900,0.675245,0.575845
0.017978,1.151871,1024,1871,1601,2431,2918,2307,2407,2962,2891,1674,3336,2971,1955,2785,,0.146912,0.102781,0.470307,0.802171,0.580404,0.826125,0.648707,0.733384,0.855952,0.599447,0.824455,0.890810,0.676471,0.575845
0.018020,1.169891,1024,1872,1602,2431,2917,2306,2406,2962,2891,1674,3337,2970,1955,2784,,0.146912,0.103990,0.471264,0.802171,0.579656,0.825243,0.647629,0.733384,0.855952,0.599447,0.825666,0.889900,0.676471,0.575126
0.018002,1.187893,1024,1872,1601,2431,2918,2307,2406,2962,2891,1674,3337,2970,1954,2784,,0.146912,0.103990,0.470307,0.802171,0.580404,0.826125,0.647629,0.733384,0.855952,0.599447,0.825666,0.889900,0.675245,0.575126
0.018010,1.205904,1024,1872,1601,2431,2919,2306,2406,2962,2891,1675,3338,2970,1955,2785,,0.146912,0.103990,0.470307,0.802171,0.581152,0.825243,0.647629,0.733384,0.855952,0.600368,0.826877,0.889900,0.676471,0.575845
0.017992,1.223896,1024,1871,1601,2432,2918,2306,2407,2961,2891,1674,3337,2969,1954,2785,,0.146912,0.102781,0.470307,0.803378,0.580404,0.825243,0.648707,0.732620,0.855952,0.599447,0.825666,0.888990,0.675245,0.575845
0.018007,1.241902,1024,1871,1601,2432,2918,2306,2407,2961,2891,1674,3337,2969,1954,2785,,0.146912,0.102781,0.470307,0.803378,0.580404,0.825243,0.648707,0.732620,0.855952,0.599447,0.825666,0.888990,0.675245,0.575845
0.017993,1.259895,1024,1872,1601,2431,2918,2307,2407,2963,2891,1674,3338,2970,1955,2784,,0.146912,0.103990,0.470307,0.802171,0.580404,0.826125,0.648707,0.734148,0.855952,0.599447,0.826877,0.889900,0.676471,0.575126
