GloveManager recording started on 10/20/16 at 15:59:14

,,Glove 1,Glove 1,Glove 1,Glove 1,Glove 1,Glove 1,Glove 1,Glove 1,Glove 1,Glove 1,Glove 1,Glove 1,Glove 1,Glove 1,,Glove 1 Scaled,Glove 1 Scaled,Glove 1 Scaled,Glove 1 Scaled,Glove 1 Scaled,Glove 1 Scaled,Glove 1 Scaled,Glove 1 Scaled,Glove 1 Scaled,Glove 1 Scaled,Glove 1 Scaled,Glove 1 Scaled,Glove 1 Scaled,Glove 1 Scaled
delta time (s), absolute time (s),Thumb Near,Thumb Far,Thumb/Index,Index Near,Index Far,Index/Middle,Middle Near,Middle Far,Middle/Ring,Ring Near,Ring Far,Ring/Little,Little Near,Little Far,,Thumb Near,Thumb Far,Thumb/Index,Index Near,Index Far,Index/Middle,Middle Near,Middle Far,Middle/Ring,Ring Near,Ring Far,Ring/Little,Little Near,Little Far
0.017214,0.017214,1138,2079,1697,2001,2216,2224,1912,2110,2946,1135,2916,2878,1577,2194,,0.337229,0.354293,0.562261,0.283474,0.055348,0.752868,0.115302,0.082506,0.921429,0.103131,0.315981,0.806187,0.213235,0.150971
0.018021,0.035235,1137,2079,1698,2002,2217,2225,1912,2110,2946,1135,2916,2877,1577,2193,,0.335559,0.354293,0.563218,0.284680,0.056096,0.753751,0.115302,0.082506,0.921429,0.103131,0.315981,0.805278,0.213235,0.150252
0.018000,0.053235,1137,2079,1698,2002,2217,2225,1912,2110,2946,1135,2916,2877,1577,2193,,0.335559,0.354293,0.563218,0.284680,0.056096,0.753751,0.115302,0.082506,0.921429,0.103131,0.315981,0.805278,0.213235,0.150252
0.018044,0.071279,1137,2079,1699,2002,2217,2224,1912,2111,2946,1135,2916,2876,1577,2193,,0.335559,0.354293,0.564176,0.284680,0.056096,0.752868,0.115302,0.083270,0.921429,0.103131,0.315981,0.804368,0.213235,0.150252
0.017994,0.089273,1137,2079,1699,2002,2218,2225,1912,2111,2946,1136,2915,2877,1578,2193,,0.335559,0.354293,0.564176,0.284680,0.056844,0.753751,0.115302,0.083270,0.921429,0.104052,0.314770,0.805278,0.214461,0.150252
0.017985,0.107257,1138,2079,1699,2003,2217,2226,1913,2111,2945,1135,2915,2878,1577,2193,,0.337229,0.354293,0.564176,0.285887,0.056096,0.754634,0.116379,0.083270,0.920238,0.103131,0.314770,0.806187,0.213235,0.150252
0.017993,0.125251,1137,2079,1699,2004,2218,2224,1911,2111,2946,1135,2915,2877,1577,2193,,0.335559,0.354293,0.564176,0.287093,0.056844,0.752868,0.114224,0.083270,0.921429,0.103131,0.314770,0.805278,0.213235,0.150252
0.018016,0.143267,1138,2080,1698,2004,2218,2225,1912,2112,2946,1135,2915,2877,1577,2193,,0.337229,0.355502,0.563218,0.287093,0.056844,0.753751,0.115302,0.084034,0.921429,0.103131,0.314770,0.805278,0.213235,0.150252
0.017976,0.161243,1137,2078,1698,2004,2218,2225,1912,2112,2946,1135,2915,2876,1576,2192,,0.335559,0.353083,0.563218,0.287093,0.056844,0.753751,0.115302,0.084034,0.921429,0.103131,0.314770,0.804368,0.212010,0.149533
0.018011,0.179254,1137,2078,1698,2004,2218,2225,1912,2112,2946,1135,2915,2876,1576,2192,,0.335559,0.353083,0.563218,0.287093,0.056844,0.753751,0.115302,0.084034,0.921429,0.103131,0.314770,0.804368,0.212010,0.149533
0.017965,0.197219,1138,2079,1700,2005,2218,2225,1912,2113,2946,1135,2914,2876,1577,2193,,0.337229,0.354293,0.565134,0.288299,0.056844,0.753751,0.115302,0.084798,0.921429,0.103131,0.313559,0.804368,0.213235,0.150252
0.018046,0.215265,1138,2079,1699,2005,2218,2225,1912,2113,2946,1136,2915,2876,1578,2193,,0.337229,0.354293,0.564176,0.288299,0.056844,0.753751,0.115302,0.084798,0.921429,0.104052,0.314770,0.804368,0.214461,0.150252
0.018011,0.233277,1139,2079,1699,2005,2218,2227,1912,2114,2946,1136,2915,2877,1577,2192,,0.338898,0.354293,0.564176,0.288299,0.056844,0.755516,0.115302,0.085561,0.921429,0.104052,0.314770,0.805278,0.213235,0.149533
0.017997,0.251274,1137,2079,1700,2005,2218,2226,1912,2115,2946,1136,2914,2876,1577,2193,,0.335559,0.354293,0.565134,0.288299,0.056844,0.754634,0.115302,0.086325,0.921429,0.104052,0.313559,0.804368,0.213235,0.150252
0.017975,0.269249,1138,2078,1699,2005,2218,2226,1911,2115,2946,1135,2913,2876,1576,2194,,0.337229,0.353083,0.564176,0.288299,0.056844,0.754634,0.114224,0.086325,0.921429,0.103131,0.312349,0.804368,0.212010,0.150971
0.018029,0.287278,1137,2078,1699,2006,2218,2227,1911,2115,2946,1134,2913,2876,1577,2193,,0.335559,0.353083,0.564176,0.289505,0.056844,0.755516,0.114224,0.086325,0.921429,0.102210,0.312349,0.804368,0.213235,0.150252
0.017995,0.305273,1138,2077,1700,2005,2218,2227,1911,2115,2947,1135,2913,2877,1576,2192,,0.337229,0.351874,0.565134,0.288299,0.056844,0.755516,0.114224,0.086325,0.922619,0.103131,0.312349,0.805278,0.212010,0.149533
0.017954,0.323228,1137,2078,1699,2005,2218,2226,1911,2115,2946,1135,2913,2877,1577,2193,,0.335559,0.353083,0.564176,0.288299,0.056844,0.754634,0.114224,0.086325,0.921429,0.103131,0.312349,0.805278,0.213235,0.150252
0.018057,0.341285,1138,2077,1700,2006,2219,2227,1911,2116,2946,1134,2912,2876,1576,2193,,0.337229,0.351874,0.565134,0.289505,0.057592,0.755516,0.114224,0.087089,0.921429,0.102210,0.311138,0.804368,0.212010,0.150252
0.017962,0.359247,1138,2079,1700,2006,2219,2226,1912,2115,2947,1135,2912,2877,1576,2193,,0.337229,0.354293,0.565134,0.289505,0.057592,0.754634,0.115302,0.086325,0.922619,0.103131,0.311138,0.805278,0.212010,0.150252
0.018032,0.377278,1138,2078,1699,2006,2218,2226,1911,2117,2946,1135,2913,2876,1577,2194,,0.337229,0.353083,0.564176,0.289505,0.056844,0.754634,0.114224,0.087853,0.921429,0.103131,0.312349,0.804368,0.213235,0.150971
0.018001,0.395279,1138,2078,1699,2006,2218,2226,1911,2116,2946,1135,2913,2877,1577,2193,,0.337229,0.353083,0.564176,0.289505,0.056844,0.754634,0.114224,0.087089,0.921429,0.103131,0.312349,0.805278,0.213235,0.150252
0.017974,0.413253,1137,2077,1699,2005,2219,2227,1911,2116,2947,1135,2912,2877,1576,2192,,0.335559,0.351874,0.564176,0.288299,0.057592,0.755516,0.114224,0.087089,0.922619,0.103131,0.311138,0.805278,0.212010,0.149533
0.018024,0.431276,1137,2076,1699,2005,2218,2226,1911,2117,2946,1135,2911,2876,1576,2192,,0.335559,0.350665,0.564176,0.288299,0.056844,0.754634,0.114224,0.087853,0.921429,0.103131,0.309927,0.804368,0.212010,0.149533
0.017987,0.449263,1137,2077,1700,2005,2218,2226,1911,2117,2946,1135,2911,2877,1576,2193,,0.335559,0.351874,0.565134,0.288299,0.056844,0.754634,0.114224,0.087853,0.921429,0.103131,0.309927,0.805278,0.212010,0.150252
0.018030,0.467293,1137,2076,1700,2006,2219,2227,1911,2116,2946,1134,2911,2877,1575,2193,,0.335559,0.350665,0.565134,0.289505,0.057592,0.755516,0.114224,0.087089,0.921429,0.102210,0.309927,0.805278,0.210784,0.150252
0.017987,0.485280,1137,2077,1699,2006,2219,2226,1911,2117,2946,1134,2912,2876,1576,2193,,0.335559,0.351874,0.564176,0.289505,0.057592,0.754634,0.114224,0.087853,0.921429,0.102210,0.311138,0.804368,0.212010,0.150252
0.018009,0.503289,1136,2077,1699,2006,2218,2227,1910,2116,2946,1135,2912,2876,1575,2193,,0.333890,0.351874,0.564176,0.289505,0.056844,0.755516,0.113147,0.087089,0.921429,0.103131,0.311138,0.804368,0.210784,0.150252
0.017992,0.521281,1137,2077,1699,2006,2219,2227,1910,2116,2946,1134,2911,2876,1576,2193,,0.335559,0.351874,0.564176,0.289505,0.057592,0.755516,0.113147,0.087089,0.921429,0.102210,0.309927,0.804368,0.212010,0.150252
0.017979,0.539260,1137,2077,1699,2006,2219,2227,1910,2117,2947,1135,2910,2876,1576,2192,,0.335559,0.351874,0.564176,0.289505,0.057592,0.755516,0.113147,0.087853,0.922619,0.103131,0.308717,0.804368,0.212010,0.149533
0.018025,0.557285,1136,2076,1699,2006,2219,2226,1910,2117,2946,1134,2910,2876,1575,2193,,0.333890,0.350665,0.564176,0.289505,0.057592,0.754634,0.113147,0.087853,0.921429,0.102210,0.308717,0.804368,0.210784,0.150252
0.017977,0.575261,1136,2076,1699,2006,2219,2227,1911,2116,2946,1134,2910,2875,1575,2193,,0.333890,0.350665,0.564176,0.289505,0.057592,0.755516,0.114224,0.087089,0.921429,0.102210,0.308717,0.803458,0.210784,0.150252
0.018033,0.593295,1136,2077,1699,2006,2220,2227,1911,2118,2946,1134,2910,2876,1575,2192,,0.333890,0.351874,0.564176,0.289505,0.058340,0.755516,0.114224,0.088617,0.921429,0.102210,0.308717,0.804368,0.210784,0.149533
0.017993,0.611288,1136,2076,1699,2005,2220,2227,1910,2118,2946,1135,2910,2876,1575,2192,,0.333890,0.350665,0.564176,0.288299,0.058340,0.755516,0.113147,0.088617,0.921429,0.103131,0.308717,0.804368,0.210784,0.149533
0.017998,0.629287,1136,2076,1699,2005,2220,2227,1910,2118,2946,1135,2910,2876,1575,2192,,0.333890,0.350665,0.564176,0.288299,0.058340,0.755516,0.113147,0.088617,0.921429,0.103131,0.308717,0.804368,0.210784,0.149533
0.018012,0.647298,1136,2076,1699,2007,2220,2227,1910,2118,2947,1134,2909,2876,1574,2193,,0.333890,0.350665,0.564176,0.290712,0.058340,0.755516,0.113147,0.088617,0.922619,0.102210,0.307506,0.804368,0.209559,0.150252
0.017967,0.665266,1136,2076,1699,2006,2220,2228,1910,2118,2947,1134,2909,2876,1575,2192,,0.333890,0.350665,0.564176,0.289505,0.058340,0.756399,0.113147,0.088617,0.922619,0.102210,0.307506,0.804368,0.210784,0.149533
0.018025,0.683291,1136,2076,1699,2007,2220,2227,1911,2119,2947,1134,2909,2875,1575,2192,,0.333890,0.350665,0.564176,0.290712,0.058340,0.755516,0.114224,0.089381,0.922619,0.102210,0.307506,0.803458,0.210784,0.149533
0.017979,0.701270,1136,2075,1699,2006,2220,2228,1909,2119,2947,1134,2908,2876,1574,2192,,0.333890,0.349456,0.564176,0.289505,0.058340,0.756399,0.112069,0.089381,0.922619,0.102210,0.306295,0.804368,0.209559,0.149533
0.018022,0.719292,1136,2076,1698,2006,2219,2227,1910,2119,2946,1134,2907,2875,1574,2193,,0.333890,0.350665,0.563218,0.289505,0.057592,0.755516,0.113147,0.089381,0.921429,0.102210,0.305085,0.803458,0.209559,0.150252
0.018012,0.737304,1136,2075,1699,2006,2219,2228,1910,2120,2947,1134,2907,2876,1575,2192,,0.333890,0.349456,0.564176,0.289505,0.057592,0.756399,0.113147,0.090145,0.922619,0.102210,0.305085,0.804368,0.210784,0.149533
0.017973,0.755276,1136,2075,1699,2007,2221,2228,1910,2120,2947,1134,2908,2877,1574,2192,,0.333890,0.349456,0.564176,0.290712,0.059088,0.756399,0.113147,0.090145,0.922619,0.102210,0.306295,0.805278,0.209559,0.149533
0.018018,0.773295,1136,2076,1699,2008,2221,2229,1910,2120,2947,1135,2907,2876,1575,2192,,0.333890,0.350665,0.564176,0.291918,0.059088,0.757282,0.113147,0.090145,0.922619,0.103131,0.305085,0.804368,0.210784,0.149533
0.017979,0.791274,1136,2076,1700,2007,2220,2227,1910,2119,2947,1134,2907,2875,1574,2192,,0.333890,0.350665,0.565134,0.290712,0.058340,0.755516,0.113147,0.089381,0.922619,0.102210,0.305085,0.803458,0.209559,0.149533
0.018024,0.809298,1135,2075,1700,2008,2221,2228,1910,2119,2946,1134,2907,2876,1575,2192,,0.332220,0.349456,0.565134,0.291918,0.059088,0.756399,0.113147,0.089381,0.921429,0.102210,0.305085,0.804368,0.210784,0.149533
0.017970,0.827268,1136,2076,1699,2007,2220,2227,1909,2119,2947,1134,2907,2876,1574,2191,,0.333890,0.350665,0.564176,0.290712,0.058340,0.755516,0.112069,0.089381,0.922619,0.102210,0.305085,0.804368,0.209559,0.148814
0.018032,0.845299,1136,2076,1699,2008,2220,2228,1909,2121,2946,1134,2907,2876,1575,2192,,0.333890,0.350665,0.564176,0.291918,0.058340,0.756399,0.112069,0.090909,0.921429,0.102210,0.305085,0.804368,0.210784,0.149533
0.017956,0.863256,1136,2075,1699,2009,2220,2228,1910,2120,2947,1134,2907,2876,1574,2191,,0.333890,0.349456,0.564176,0.293124,0.058340,0.756399,0.113147,0.090145,0.922619,0.102210,0.305085,0.804368,0.209559,0.148814
0.018023,0.881279,1136,2075,1699,2009,2220,2227,1909,2120,2947,1134,2906,2875,1574,2191,,0.333890,0.349456,0.564176,0.293124,0.058340,0.755516,0.112069,0.090145,0.922619,0.102210,0.303874,0.803458,0.209559,0.148814
0.017999,0.899278,1137,2076,1699,2008,2220,2228,1909,2120,2946,1134,2906,2875,1574,2191,,0.335559,0.350665,0.564176,0.291918,0.058340,0.756399,0.112069,0.090145,0.921429,0.102210,0.303874,0.803458,0.209559,0.148814
0.018038,0.917316,1136,2076,1700,2009,2220,2228,1909,2120,2946,1134,2905,2876,1574,2192,,0.333890,0.350665,0.565134,0.293124,0.058340,0.756399,0.112069,0.090145,0.921429,0.102210,0.302663,0.804368,0.209559,0.149533
0.017976,0.935291,1136,2075,1699,2010,2221,2229,1909,2121,2947,1135,2905,2875,1574,2191,,0.333890,0.349456,0.564176,0.294331,0.059088,0.757282,0.112069,0.090909,0.922619,0.103131,0.302663,0.803458,0.209559,0.148814
0.017997,0.953289,1136,2076,1700,2009,2220,2228,1909,2122,2946,1134,2905,2875,1574,2191,,0.333890,0.350665,0.565134,0.293124,0.058340,0.756399,0.112069,0.091673,0.921429,0.102210,0.302663,0.803458,0.209559,0.148814
0.018016,0.971305,1136,2075,1699,2009,2220,2228,1909,2122,2947,1134,2905,2876,1573,2192,,0.333890,0.349456,0.564176,0.293124,0.058340,0.756399,0.112069,0.091673,0.922619,0.102210,0.302663,0.804368,0.208333,0.149533
0.018036,0.989340,1136,2075,1699,2009,2220,2228,1910,2122,2946,1134,2904,2875,1574,2191,,0.333890,0.349456,0.564176,0.293124,0.058340,0.756399,0.113147,0.091673,0.921429,0.102210,0.301453,0.803458,0.209559,0.148814
0.017935,1.007275,1136,2075,1699,2009,2221,2228,1909,2122,2946,1134,2905,2875,1574,2190,,0.333890,0.349456,0.564176,0.293124,0.059088,0.756399,0.112069,0.091673,0.921429,0.102210,0.302663,0.803458,0.209559,0.148095
0.018022,1.025298,1136,2075,1698,2008,2219,2228,1909,2122,2946,1133,2904,2875,1573,2190,,0.333890,0.349456,0.563218,0.291918,0.057592,0.756399,0.112069,0.091673,0.921429,0.101289,0.301453,0.803458,0.208333,0.148095
0.017993,1.043291,1135,2074,1699,2009,2220,2228,1909,2122,2946,1134,2904,2875,1573,2191,,0.332220,0.348247,0.564176,0.293124,0.058340,0.756399,0.112069,0.091673,0.921429,0.102210,0.301453,0.803458,0.208333,0.148814
0.018022,1.061312,1136,2075,1698,2010,2221,2229,1910,2122,2947,1134,2903,2875,1573,2190,,0.333890,0.349456,0.563218,0.294331,0.059088,0.757282,0.113147,0.091673,0.922619,0.102210,0.300242,0.803458,0.208333,0.148095
0.017974,1.079287,1136,2075,1699,2010,2221,2228,1910,2123,2946,1134,2903,2875,1572,2190,,0.333890,0.349456,0.564176,0.294331,0.059088,0.756399,0.113147,0.092437,0.921429,0.102210,0.300242,0.803458,0.207108,0.148095
0.018005,1.097292,1136,2075,1699,2011,2221,2229,1909,2122,2946,1134,2903,2875,1573,2190,,0.333890,0.349456,0.564176,0.295537,0.059088,0.757282,0.112069,0.091673,0.921429,0.102210,0.300242,0.803458,0.208333,0.148095
0.018006,1.115298,1137,2075,1699,2012,2222,2229,1909,2123,2946,1135,2901,2875,1573,2190,,0.335559,0.349456,0.564176,0.296743,0.059835,0.757282,0.112069,0.092437,0.921429,0.103131,0.297821,0.803458,0.208333,0.148095
0.018013,1.133311,1136,2074,1700,2012,2221,2229,1909,2123,2946,1134,2901,2874,1573,2190,,0.333890,0.348247,0.565134,0.296743,0.059088,0.757282,0.112069,0.092437,0.921429,0.102210,0.297821,0.802548,0.208333,0.148095
0.018012,1.151323,1136,2075,1700,2012,2221,2229,1909,2123,2946,1135,2901,2875,1573,2189,,0.333890,0.349456,0.565134,0.296743,0.059088,0.757282,0.112069,0.092437,0.921429,0.103131,0.297821,0.803458,0.208333,0.147376
0.017969,1.169292,1136,2075,1700,2012,2221,2229,1910,2124,2946,1134,2902,2875,1572,2189,,0.333890,0.349456,0.565134,0.296743,0.059088,0.757282,0.113147,0.093201,0.921429,0.102210,0.299031,0.803458,0.207108,0.147376
0.018025,1.187317,1136,2075,1700,2012,2221,2229,1909,2124,2946,1133,2901,2875,1572,2189,,0.333890,0.349456,0.565134,0.296743,0.059088,0.757282,0.112069,0.093201,0.921429,0.101289,0.297821,0.803458,0.207108,0.147376
0.017978,1.205295,1136,2075,1700,2012,2221,2230,1908,2124,2946,1134,2901,2875,1573,2190,,0.333890,0.349456,0.565134,0.296743,0.059088,0.758164,0.110991,0.093201,0.921429,0.102210,0.297821,0.803458,0.208333,0.148095
0.018031,1.223326,1135,2076,1699,2012,2221,2229,1908,2124,2946,1134,2901,2875,1573,2189,,0.332220,0.350665,0.564176,0.296743,0.059088,0.757282,0.110991,0.093201,0.921429,0.102210,0.297821,0.803458,0.208333,0.147376
0.017970,1.241296,1135,2074,1699,2012,2221,2229,1909,2124,2946,1134,2901,2875,1574,2190,,0.332220,0.348247,0.564176,0.296743,0.059088,0.757282,0.112069,0.093201,0.921429,0.102210,0.297821,0.803458,0.209559,0.148095
0.018025,1.259321,1136,2075,1700,2013,2221,2229,1909,2124,2946,1134,2901,2874,1573,2190,,0.333890,0.349456,0.565134,0.297949,0.059088,0.757282,0.112069,0.093201,0.921429,0.102210,0.297821,0.802548,0.208333,0.148095
