GloveManager recording started on 10/20/16 at 15:59:42

,,Glove 1,Glove 1,Glove 1,Glove 1,Glove 1,Glove 1,Glove 1,Glove 1,Glove 1,Glove 1,Glove 1,Glove 1,Glove 1,Glove 1,,Glove 1 Scaled,Glove 1 Scaled,Glove 1 Scaled,Glove 1 Scaled,Glove 1 Scaled,Glove 1 Scaled,Glove 1 Scaled,Glove 1 Scaled,Glove 1 Scaled,Glove 1 Scaled,Glove 1 Scaled,Glove 1 Scaled,Glove 1 Scaled,Glove 1 Scaled
delta time (s), absolute time (s),Thumb Near,Thumb Far,Thumb/Index,Index Near,Index Far,Index/Middle,Middle Near,Middle Far,Middle/Ring,Ring Near,Ring Far,Ring/Little,Little Near,Little Far,,Thumb Near,Thumb Far,Thumb/Index,Index Near,Index Far,Index/Middle,Middle Near,Middle Far,Middle/Ring,Ring Near,Ring Far,Ring/Little,Little Near,Little Far
0.017518,0.017518,1137,1974,1255,2119,2974,2274,1908,2996,2912,1166,3322,2864,1530,2726,,0.335559,0.227328,0.138889,0.425814,0.622289,0.796999,0.110991,0.759358,0.880952,0.131676,0.807506,0.793449,0.155637,0.533429
0.018049,0.035567,1136,1974,1254,2120,2975,2273,1908,2996,2912,1166,3322,2864,1528,2726,,0.333890,0.227328,0.137931,0.427021,0.623037,0.796117,0.110991,0.759358,0.880952,0.131676,0.807506,0.793449,0.153186,0.533429
0.018020,0.053587,1136,1974,1254,2120,2975,2273,1908,2996,2912,1166,3322,2864,1528,2726,,0.333890,0.227328,0.137931,0.427021,0.623037,0.796117,0.110991,0.759358,0.880952,0.131676,0.807506,0.793449,0.153186,0.533429
0.017980,0.071568,1136,1974,1255,2120,2974,2273,1908,2996,2912,1166,3323,2863,1529,2726,,0.333890,0.227328,0.138889,0.427021,0.622289,0.796117,0.110991,0.759358,0.880952,0.131676,0.808717,0.792539,0.154412,0.533429
0.018008,0.089576,1136,1974,1255,2121,2974,2273,1909,2996,2912,1166,3323,2863,1528,2725,,0.333890,0.227328,0.138889,0.428227,0.622289,0.796117,0.112069,0.759358,0.880952,0.131676,0.808717,0.792539,0.153186,0.532710
0.017971,0.107547,1135,1974,1254,2121,2975,2274,1908,2996,2912,1167,3323,2864,1530,2726,,0.332220,0.227328,0.137931,0.428227,0.623037,0.796999,0.110991,0.759358,0.880952,0.132597,0.808717,0.793449,0.155637,0.533429
0.018028,0.125575,1135,1974,1254,2121,2975,2274,1908,2996,2912,1167,3323,2864,1530,2726,,0.332220,0.227328,0.137931,0.428227,0.623037,0.796999,0.110991,0.759358,0.880952,0.132597,0.808717,0.793449,0.155637,0.533429
0.017952,0.143527,1137,1975,1255,2121,2975,2274,1908,2996,2912,1167,3323,2864,1530,2725,,0.335559,0.228537,0.138889,0.428227,0.623037,0.796999,0.110991,0.759358,0.880952,0.132597,0.808717,0.793449,0.155637,0.532710
0.018055,0.161582,1135,1974,1255,2121,2975,2275,1909,2996,2912,1166,3323,2865,1529,2726,,0.332220,0.227328,0.138889,0.428227,0.623037,0.797882,0.112069,0.759358,0.880952,0.131676,0.808717,0.794358,0.154412,0.533429
0.017988,0.179570,1137,1975,1255,2121,2975,2274,1908,2996,2912,1166,3323,2864,1530,2726,,0.335559,0.228537,0.138889,0.428227,0.623037,0.796999,0.110991,0.759358,0.880952,0.131676,0.808717,0.793449,0.155637,0.533429
0.018003,0.197573,1136,1974,1255,2121,2974,2275,1908,2996,2913,1166,3323,2865,1530,2726,,0.333890,0.227328,0.138889,0.428227,0.622289,0.797882,0.110991,0.759358,0.882143,0.131676,0.808717,0.794358,0.155637,0.533429
0.018004,0.215577,1136,1974,1255,2121,2975,2274,1908,2996,2913,1166,3322,2865,1530,2726,,0.333890,0.227328,0.138889,0.428227,0.623037,0.796999,0.110991,0.759358,0.882143,0.131676,0.807506,0.794358,0.155637,0.533429
0.017978,0.233555,1136,1974,1255,2120,2975,2275,1908,2996,2913,1166,3323,2865,1529,2726,,0.333890,0.227328,0.138889,0.427021,0.623037,0.797882,0.110991,0.759358,0.882143,0.131676,0.808717,0.794358,0.154412,0.533429
0.018023,0.251578,1136,1974,1255,2120,2975,2274,1908,2996,2912,1165,3323,2865,1530,2727,,0.333890,0.227328,0.138889,0.427021,0.623037,0.796999,0.110991,0.759358,0.880952,0.130755,0.808717,0.794358,0.155637,0.534148
0.017994,0.269572,1136,1975,1255,2120,2975,2275,1909,2995,2913,1166,3323,2865,1528,2726,,0.333890,0.228537,0.138889,0.427021,0.623037,0.797882,0.112069,0.758594,0.882143,0.131676,0.808717,0.794358,0.153186,0.533429
0.018025,0.287597,1136,1974,1255,2121,2975,2275,1908,2996,2912,1166,3323,2865,1530,2726,,0.333890,0.227328,0.138889,0.428227,0.623037,0.797882,0.110991,0.759358,0.880952,0.131676,0.808717,0.794358,0.155637,0.533429
0.017983,0.305580,1136,1974,1255,2121,2975,2275,1908,2996,2912,1166,3323,2865,1528,2727,,0.333890,0.227328,0.138889,0.428227,0.623037,0.797882,0.110991,0.759358,0.880952,0.131676,0.808717,0.794358,0.153186,0.534148
0.018018,0.323598,1135,1975,1254,2120,2975,2275,1908,2996,2912,1166,3323,2866,1528,2727,,0.332220,0.228537,0.137931,0.427021,0.623037,0.797882,0.110991,0.759358,0.880952,0.131676,0.808717,0.795268,0.153186,0.534148
0.017987,0.341585,1135,1974,1255,2120,2974,2275,1909,2995,2912,1166,3323,2865,1529,2727,,0.332220,0.227328,0.138889,0.427021,0.622289,0.797882,0.112069,0.758594,0.880952,0.131676,0.808717,0.794358,0.154412,0.534148
0.017976,0.359561,1136,1975,1255,2119,2976,2275,1908,2996,2912,1165,3323,2865,1528,2727,,0.333890,0.228537,0.138889,0.425814,0.623785,0.797882,0.110991,0.759358,0.880952,0.130755,0.808717,0.794358,0.153186,0.534148
0.017974,0.377536,1136,1974,1255,2120,2975,2275,1908,2996,2913,1167,3324,2866,1529,2728,,0.333890,0.227328,0.138889,0.427021,0.623037,0.797882,0.110991,0.759358,0.882143,0.132597,0.809927,0.795268,0.154412,0.534867
0.018025,0.395561,1135,1974,1254,2120,2975,2276,1909,2996,2912,1166,3323,2866,1529,2727,,0.332220,0.227328,0.137931,0.427021,0.623037,0.798764,0.112069,0.759358,0.880952,0.131676,0.808717,0.795268,0.154412,0.534148
0.018037,0.413598,1135,1974,1255,2120,2975,2275,1908,2996,2912,1166,3323,2866,1529,2728,,0.332220,0.227328,0.138889,0.427021,0.623037,0.797882,0.110991,0.759358,0.880952,0.131676,0.808717,0.795268,0.154412,0.534867
0.017961,0.431559,1135,1975,1255,2120,2976,2275,1908,2996,2912,1165,3323,2865,1528,2728,,0.332220,0.228537,0.138889,0.427021,0.623785,0.797882,0.110991,0.759358,0.880952,0.130755,0.808717,0.794358,0.153186,0.534867
0.018025,0.449584,1136,1975,1255,2121,2974,2276,1908,2996,2912,1166,3323,2865,1528,2727,,0.333890,0.228537,0.138889,0.428227,0.622289,0.798764,0.110991,0.759358,0.880952,0.131676,0.808717,0.794358,0.153186,0.534148
0.018010,0.467594,1135,1974,1255,2120,2976,2276,1909,2996,2912,1166,3323,2866,1538,2728,,0.332220,0.227328,0.138889,0.427021,0.623785,0.798764,0.112069,0.759358,0.880952,0.131676,0.808717,0.795268,0.165441,0.534867
0.017971,0.485565,1136,1975,1254,2120,2975,2276,1908,2996,2913,1166,3323,2866,1529,2728,,0.333890,0.228537,0.137931,0.427021,0.623037,0.798764,0.110991,0.759358,0.882143,0.131676,0.808717,0.795268,0.154412,0.534867
0.018021,0.503586,1136,1975,1254,2120,2975,2276,1908,2996,2913,1166,3323,2866,1529,2728,,0.333890,0.228537,0.137931,0.427021,0.623037,0.798764,0.110991,0.759358,0.882143,0.131676,0.808717,0.795268,0.154412,0.534867
0.017980,0.521567,1136,1975,1255,2120,2975,2275,1908,2996,2912,1166,3324,2866,1528,2727,,0.333890,0.228537,0.138889,0.427021,0.623037,0.797882,0.110991,0.759358,0.880952,0.131676,0.809927,0.795268,0.153186,0.534148
0.018023,0.539590,1136,1976,1255,2120,2976,2276,1908,2996,2912,1166,3324,2866,1529,2727,,0.333890,0.229746,0.138889,0.427021,0.623785,0.798764,0.110991,0.759358,0.880952,0.131676,0.809927,0.795268,0.154412,0.534148
0.017982,0.557571,1136,1976,1255,2120,2976,2276,1908,2997,2913,1166,3323,2866,1529,2728,,0.333890,0.229746,0.138889,0.427021,0.623785,0.798764,0.110991,0.760122,0.882143,0.131676,0.808717,0.795268,0.154412,0.534867
0.018023,0.575594,1135,1975,1255,2120,2976,2276,1909,2997,2912,1167,3323,2866,1530,2728,,0.332220,0.228537,0.138889,0.427021,0.623785,0.798764,0.112069,0.760122,0.880952,0.132597,0.808717,0.795268,0.155637,0.534867
0.018007,0.593601,1136,1976,1255,2121,2976,2277,1909,2997,2913,1166,3324,2866,1530,2728,,0.333890,0.229746,0.138889,0.428227,0.623785,0.799647,0.112069,0.760122,0.882143,0.131676,0.809927,0.795268,0.155637,0.534867
0.017993,0.611594,1136,1976,1255,2121,2976,2277,1910,2997,2913,1167,3324,2865,1531,2729,,0.333890,0.229746,0.138889,0.428227,0.623785,0.799647,0.113147,0.760122,0.882143,0.132597,0.809927,0.794358,0.156863,0.535586
0.018011,0.629605,1136,1976,1255,2121,2975,2276,1909,2997,2912,1167,3323,2866,1530,2728,,0.333890,0.229746,0.138889,0.428227,0.623037,0.798764,0.112069,0.760122,0.880952,0.132597,0.808717,0.795268,0.155637,0.534867
0.017968,0.647573,1136,1976,1255,2121,2975,2276,1909,2997,2912,1167,3323,2866,1530,2728,,0.333890,0.229746,0.138889,0.428227,0.623037,0.798764,0.112069,0.760122,0.880952,0.132597,0.808717,0.795268,0.155637,0.534867
0.018022,0.665595,1136,1976,1255,2120,2976,2276,1908,2997,2912,1166,3323,2866,1529,2728,,0.333890,0.229746,0.138889,0.427021,0.623785,0.798764,0.110991,0.760122,0.880952,0.131676,0.808717,0.795268,0.154412,0.534867
0.017955,0.683550,1135,1976,1255,2120,2976,2276,1909,2996,2912,1167,3324,2866,1530,2729,,0.332220,0.229746,0.138889,0.427021,0.623785,0.798764,0.112069,0.759358,0.880952,0.132597,0.809927,0.795268,0.155637,0.535586
0.018047,0.701598,1136,1976,1256,2121,2976,2277,1908,2996,2912,1166,3324,2867,1530,2728,,0.333890,0.229746,0.139847,0.428227,0.623785,0.799647,0.110991,0.759358,0.880952,0.131676,0.809927,0.796178,0.155637,0.534867
0.018011,0.719609,1136,1975,1255,2120,2975,2275,1909,2997,2912,1166,3323,2867,1529,2728,,0.333890,0.228537,0.138889,0.427021,0.623037,0.797882,0.112069,0.760122,0.880952,0.131676,0.808717,0.796178,0.154412,0.534867
0.017989,0.737597,1135,1975,1255,2119,2976,2276,1908,2997,2912,1166,3324,2867,1529,2728,,0.332220,0.228537,0.138889,0.425814,0.623785,0.798764,0.110991,0.760122,0.880952,0.131676,0.809927,0.796178,0.154412,0.534867
0.017991,0.755588,1135,1975,1256,2120,2976,2276,1909,2997,2912,1166,3323,2866,1529,2729,,0.332220,0.228537,0.139847,0.427021,0.623785,0.798764,0.112069,0.760122,0.880952,0.131676,0.808717,0.795268,0.154412,0.535586
0.017989,0.773577,1135,1976,1255,2121,2976,2276,1909,2997,2912,1166,3324,2866,1529,2728,,0.332220,0.229746,0.138889,0.428227,0.623785,0.798764,0.112069,0.760122,0.880952,0.131676,0.809927,0.795268,0.154412,0.534867
0.018027,0.791604,1135,1976,1255,2120,2976,2277,1909,2997,2912,1166,3323,2866,1529,2729,,0.332220,0.229746,0.138889,0.427021,0.623785,0.799647,0.112069,0.760122,0.880952,0.131676,0.808717,0.795268,0.154412,0.535586
0.017978,0.809583,1136,1976,1255,2120,2976,2277,1909,2997,2912,1166,3324,2866,1528,2728,,0.333890,0.229746,0.138889,0.427021,0.623785,0.799647,0.112069,0.760122,0.880952,0.131676,0.809927,0.795268,0.153186,0.534867
0.018024,0.827607,1135,1975,1255,2120,2976,2277,1909,2997,2912,1167,3324,2866,1530,2729,,0.332220,0.228537,0.138889,0.427021,0.623785,0.799647,0.112069,0.760122,0.880952,0.132597,0.809927,0.795268,0.155637,0.535586
0.017997,0.845603,1136,1975,1256,2119,2976,2277,1908,2997,2912,1166,3323,2866,1529,2728,,0.333890,0.228537,0.139847,0.425814,0.623785,0.799647,0.110991,0.760122,0.880952,0.131676,0.808717,0.795268,0.154412,0.534867
0.017981,0.863584,1135,1975,1255,2119,2976,2276,1909,2997,2912,1166,3324,2866,1530,2730,,0.332220,0.228537,0.138889,0.425814,0.623785,0.798764,0.112069,0.760122,0.880952,0.131676,0.809927,0.795268,0.155637,0.536305
0.018023,0.881607,1136,1975,1255,2120,2977,2276,1909,2997,2912,1166,3324,2867,1528,2729,,0.333890,0.228537,0.138889,0.427021,0.624533,0.798764,0.112069,0.760122,0.880952,0.131676,0.809927,0.796178,0.153186,0.535586
0.017976,0.899583,1135,1975,1255,2119,2977,2277,1908,2998,2912,1166,3323,2866,1528,2729,,0.332220,0.228537,0.138889,0.425814,0.624533,0.799647,0.110991,0.760886,0.880952,0.131676,0.808717,0.795268,0.153186,0.535586
0.018025,0.917608,1135,1975,1255,2119,2976,2277,1909,2998,2912,1165,3324,2867,1528,2729,,0.332220,0.228537,0.138889,0.425814,0.623785,0.799647,0.112069,0.760886,0.880952,0.130755,0.809927,0.796178,0.153186,0.535586
0.017978,0.935585,1135,1975,1255,2120,2976,2277,1908,2997,2912,1166,3324,2866,1529,2729,,0.332220,0.228537,0.138889,0.427021,0.623785,0.799647,0.110991,0.760122,0.880952,0.131676,0.809927,0.795268,0.154412,0.535586
