GloveManager recording started on 10/20/16 at 16:00:20

,,Glove 1,Glove 1,Glove 1,Glove 1,Glove 1,Glove 1,Glove 1,Glove 1,Glove 1,Glove 1,Glove 1,Glove 1,Glove 1,Glove 1,,Glove 1 Scaled,Glove 1 Scaled,Glove 1 Scaled,Glove 1 Scaled,Glove 1 Scaled,Glove 1 Scaled,Glove 1 Scaled,Glove 1 Scaled,Glove 1 Scaled,Glove 1 Scaled,Glove 1 Scaled,Glove 1 Scaled,Glove 1 Scaled,Glove 1 Scaled
delta time (s), absolute time (s),Thumb Near,Thumb Far,Thumb/Index,Index Near,Index Far,Index/Middle,Middle Near,Middle Far,Middle/Ring,Ring Near,Ring Far,Ring/Little,Little Near,Little Far,,Thumb Near,Thumb Far,Thumb/Index,Index Near,Index Far,Index/Middle,Middle Near,Middle Far,Middle/Ring,Ring Near,Ring Far,Ring/Little,Little Near,Little Far
0.017482,0.017482,1053,1878,1262,2396,3222,2401,2352,3098,2916,1441,3370,2837,1673,2158,,0.195326,0.111245,0.145594,0.759952,0.807779,0.909091,0.589440,0.837280,0.885714,0.384899,0.865617,0.768881,0.330882,0.125090
0.018002,0.035483,1053,1878,1262,2395,3224,2401,2354,3098,2917,1442,3369,2837,1673,2158,,0.195326,0.111245,0.145594,0.758745,0.809274,0.909091,0.591595,0.837280,0.886905,0.385820,0.864407,0.768881,0.330882,0.125090
0.018048,0.053532,1053,1878,1262,2395,3224,2401,2354,3098,2917,1443,3370,2837,1673,2158,,0.195326,0.111245,0.146552,0.758745,0.807779,0.909091,0.590517,0.837280,0.886905,0.386740,0.865617,0.768881,0.330882,0.125090
0.017953,0.071484,1053,1877,1262,2395,3223,2400,2353,3099,2917,1442,3370,2836,1674,2158,,0.195326,0.110036,0.145594,0.758745,0.808527,0.908208,0.590517,0.838044,0.886905,0.385820,0.865617,0.767971,0.332108,0.125090
0.018014,0.089498,1054,1877,1263,2396,3224,2402,2354,3098,2917,1443,3369,2837,1673,2158,,0.196995,0.110036,0.146552,0.759952,0.809274,0.909974,0.591595,0.837280,0.886905,0.386740,0.864407,0.768881,0.330882,0.125090
0.017997,0.107495,1053,1878,1263,2396,3223,2402,2353,3098,2917,1444,3369,2837,1673,2158,,0.195326,0.111245,0.146552,0.759952,0.808527,0.909974,0.590517,0.837280,0.886905,0.387661,0.864407,0.768881,0.330882,0.125090
0.017965,0.125459,1054,1879,1263,2396,3224,2401,2355,3099,2917,1444,3369,2836,1673,2158,,0.196995,0.112455,0.146552,0.759952,0.809274,0.909091,0.592672,0.838044,0.886905,0.387661,0.864407,0.767971,0.330882,0.125090
0.018000,0.143460,1054,1878,1263,2395,3223,2402,2354,3099,2917,1444,3369,2837,1672,2158,,0.196995,0.111245,0.146552,0.758745,0.808527,0.909974,0.591595,0.838044,0.886905,0.387661,0.864407,0.768881,0.329657,0.125090
0.018029,0.161489,1053,1878,1262,2395,3223,2401,2353,3098,2917,1444,3370,2837,1673,2158,,0.195326,0.111245,0.145594,0.758745,0.808527,0.909091,0.590517,0.837280,0.886905,0.387661,0.865617,0.768881,0.330882,0.125090
0.018001,0.179490,1053,1877,1263,2395,3223,2401,2354,3098,2917,1444,3369,2837,1673,2158,,0.195326,0.110036,0.146552,0.758745,0.808527,0.909091,0.591595,0.837280,0.886905,0.387661,0.864407,0.768881,0.330882,0.125090
0.018001,0.197491,1054,1878,1263,2395,3223,2401,2354,3098,2916,1445,3369,2837,1674,2158,,0.196995,0.111245,0.146552,0.758745,0.808527,0.909091,0.591595,0.837280,0.885714,0.388582,0.864407,0.768881,0.332108,0.125090
0.018012,0.215503,1054,1877,1263,2394,3223,2401,2354,3098,2916,1443,3369,2837,1672,2158,,0.196995,0.110036,0.146552,0.757539,0.808527,0.909091,0.591595,0.837280,0.885714,0.386740,0.864407,0.768881,0.329657,0.125090
0.017991,0.233494,1054,1877,1263,2395,3223,2401,2354,3098,2917,1444,3368,2837,1674,2158,,0.196995,0.110036,0.146552,0.758745,0.808527,0.909091,0.591595,0.837280,0.886905,0.387661,0.863196,0.768881,0.332108,0.125090
0.018002,0.251496,1054,1876,1263,2395,3223,2400,2354,3098,2916,1443,3369,2836,1673,2158,,0.196995,0.108827,0.146552,0.758745,0.808527,0.908208,0.591595,0.837280,0.885714,0.386740,0.864407,0.767971,0.330882,0.125090
0.018000,0.269496,1054,1877,1263,2394,3224,2401,2354,3098,2917,1444,3370,2837,1673,2158,,0.196995,0.110036,0.146552,0.757539,0.809274,0.909091,0.591595,0.837280,0.886905,0.387661,0.865617,0.768881,0.330882,0.125090
0.017999,0.287495,1053,1877,1263,2395,3223,2401,2354,3098,2917,1445,3370,2836,1673,2158,,0.195326,0.110036,0.146552,0.758745,0.808527,0.909091,0.591595,0.837280,0.886905,0.388582,0.865617,0.767971,0.330882,0.125090
0.018029,0.305524,1053,1877,1263,2395,3223,2402,2355,3099,2916,1445,3370,2836,1673,2159,,0.195326,0.110036,0.146552,0.758745,0.808527,0.909974,0.592672,0.838044,0.885714,0.388582,0.865617,0.767971,0.330882,0.125809
0.017974,0.323498,1052,1877,1263,2394,3223,2401,2354,3098,2916,1445,3369,2836,1674,2159,,0.193656,0.110036,0.146552,0.757539,0.808527,0.909091,0.591595,0.837280,0.885714,0.388582,0.864407,0.767971,0.332108,0.125809
0.018025,0.341523,1053,1878,1263,2395,3223,2401,2355,3099,2916,1445,3368,2837,1674,2159,,0.195326,0.111245,0.146552,0.758745,0.808527,0.909091,0.592672,0.838044,0.885714,0.388582,0.863196,0.768881,0.332108,0.125809
0.017955,0.359478,1054,1877,1264,2394,3223,2401,2355,3099,2916,1445,3369,2837,1674,2159,,0.196995,0.110036,0.147510,0.757539,0.808527,0.909091,0.592672,0.838044,0.885714,0.388582,0.864407,0.768881,0.332108,0.125809
0.018056,0.377533,1053,1877,1262,2394,3223,2402,2354,3099,2916,1446,3369,2836,1673,2158,,0.195326,0.110036,0.145594,0.757539,0.808527,0.909974,0.591595,0.838044,0.885714,0.389503,0.864407,0.767971,0.330882,0.125090
0.017967,0.395501,1053,1877,1262,2394,3223,2402,2354,3099,2916,1446,3369,2836,1673,2158,,0.195326,0.110036,0.145594,0.757539,0.808527,0.909974,0.591595,0.838044,0.885714,0.389503,0.864407,0.767971,0.330882,0.125090
0.018002,0.413503,1053,1877,1263,2394,3224,2402,2355,3099,2917,1446,3369,2837,1674,2158,,0.195326,0.110036,0.146552,0.757539,0.809274,0.909974,0.592672,0.838044,0.886905,0.389503,0.864407,0.768881,0.332108,0.125090
0.018000,0.431503,1053,1877,1263,2394,3224,2402,2355,3099,2917,1446,3369,2837,1674,2158,,0.195326,0.110036,0.146552,0.757539,0.809274,0.909974,0.592672,0.838044,0.886905,0.389503,0.864407,0.768881,0.332108,0.125090
0.018000,0.449503,1053,1877,1263,2394,3224,2402,2355,3099,2916,1446,3369,2835,1674,2158,,0.195326,0.110036,0.146552,0.757539,0.809274,0.909974,0.592672,0.838044,0.885714,0.389503,0.864407,0.767061,0.332108,0.125090
0.018003,0.467507,1053,1876,1263,2395,3224,2402,2356,3098,2916,1446,3369,2837,1673,2159,,0.195326,0.108827,0.146552,0.758745,0.809274,0.909974,0.593750,0.837280,0.885714,0.389503,0.864407,0.768881,0.330882,0.125809
0.017999,0.485506,1053,1877,1263,2394,3224,2402,2355,3099,2916,1447,3369,2837,1673,2159,,0.195326,0.110036,0.146552,0.757539,0.809274,0.909974,0.592672,0.838044,0.885714,0.390424,0.864407,0.768881,0.330882,0.125809
0.018002,0.503508,1053,1877,1263,2394,3224,2402,2355,3099,2916,1447,3369,2837,1673,2159,,0.195326,0.110036,0.146552,0.757539,0.809274,0.909974,0.592672,0.838044,0.885714,0.390424,0.864407,0.768881,0.330882,0.125809
0.018000,0.521508,1053,1877,1263,2394,3223,2402,2354,3099,2916,1447,3369,2837,1674,2159,,0.195326,0.110036,0.146552,0.757539,0.808527,0.909974,0.591595,0.838044,0.885714,0.390424,0.864407,0.768881,0.332108,0.125809
0.017977,0.539486,1053,1877,1263,2394,3223,2402,2354,3099,2916,1447,3369,2837,1674,2159,,0.195326,0.110036,0.146552,0.757539,0.808527,0.909974,0.591595,0.838044,0.885714,0.390424,0.864407,0.768881,0.332108,0.125809
0.018032,0.557518,1053,1877,1263,2394,3223,2402,2354,3099,2916,1446,3369,2836,1673,2159,,0.195326,0.110036,0.146552,0.757539,0.808527,0.909974,0.591595,0.838044,0.885714,0.389503,0.864407,0.767971,0.330882,0.125809
0.017995,0.575513,1053,1877,1263,2394,3224,2402,2354,3099,2917,1446,3369,2837,1682,2158,,0.195326,0.110036,0.146552,0.757539,0.809274,0.909974,0.591595,0.838044,0.886905,0.389503,0.864407,0.768881,0.341912,0.125090
0.018001,0.593514,1053,1877,1262,2394,3223,2403,2355,3099,2916,1447,3370,2837,1674,2159,,0.195326,0.110036,0.145594,0.757539,0.808527,0.910856,0.592672,0.838044,0.885714,0.390424,0.865617,0.768881,0.332108,0.125809
0.017977,0.611491,1053,1877,1264,2394,3224,2402,2355,3099,2917,1446,3369,2837,1673,2159,,0.195326,0.110036,0.147510,0.757539,0.809274,0.909974,0.592672,0.838044,0.886905,0.389503,0.864407,0.768881,0.330882,0.125809
0.018024,0.629515,1053,1878,1264,2394,3224,2402,2355,3099,2916,1448,3369,2836,1674,2159,,0.195326,0.111245,0.147510,0.757539,0.809274,0.909974,0.592672,0.838044,0.885714,0.391344,0.864407,0.767971,0.332108,0.125809
0.018002,0.647517,1053,1877,1263,2394,3225,2402,2355,3099,2917,1448,3369,2837,1673,2158,,0.195326,0.110036,0.146552,0.757539,0.810022,0.909974,0.592672,0.838044,0.886905,0.391344,0.864407,0.768881,0.330882,0.125090
0.018005,0.665522,1053,1877,1263,2394,3223,2402,2355,3098,2916,1446,3368,2837,1673,2160,,0.195326,0.110036,0.146552,0.757539,0.808527,0.909974,0.592672,0.837280,0.885714,0.389503,0.863196,0.768881,0.330882,0.126528
0.017992,0.683515,1053,1877,1263,2394,3223,2402,2355,3098,2916,1446,3368,2837,1673,2160,,0.195326,0.110036,0.146552,0.757539,0.808527,0.909974,0.592672,0.837280,0.885714,0.389503,0.863196,0.768881,0.330882,0.126528
0.017981,0.701495,1053,1878,1263,2395,3225,2402,2355,3099,2916,1448,3369,2836,1673,2160,,0.195326,0.111245,0.146552,0.758745,0.810022,0.909974,0.592672,0.838044,0.885714,0.391344,0.864407,0.767971,0.330882,0.126528
0.018052,0.719547,1053,1878,1263,2394,3224,2402,2356,3099,2916,1447,3368,2837,1674,2159,,0.195326,0.111245,0.146552,0.757539,0.809274,0.909974,0.593750,0.838044,0.885714,0.390424,0.863196,0.768881,0.332108,0.125809
0.017972,0.737519,1053,1878,1263,2394,3224,2402,2356,3099,2916,1447,3368,2837,1674,2159,,0.195326,0.111245,0.146552,0.757539,0.809274,0.909974,0.593750,0.838044,0.885714,0.390424,0.863196,0.768881,0.332108,0.125809
0.018010,0.755529,1054,1877,1264,2393,3225,2402,2355,3098,2917,1448,3369,2837,1673,2159,,0.196995,0.110036,0.147510,0.756333,0.810022,0.909974,0.592672,0.837280,0.886905,0.391344,0.864407,0.768881,0.330882,0.125809
0.017990,0.773519,1054,1878,1263,2393,3225,2403,2356,3100,2916,1446,3369,2836,1673,2159,,0.196995,0.111245,0.146552,0.756333,0.810022,0.910856,0.593750,0.838808,0.885714,0.389503,0.864407,0.767971,0.330882,0.125809
0.017975,0.791494,1053,1877,1263,2393,3224,2402,2356,3099,2916,1447,3369,2837,1672,2158,,0.195326,0.110036,0.146552,0.756333,0.809274,0.909974,0.593750,0.838044,0.885714,0.390424,0.864407,0.768881,0.329657,0.125090
0.018027,0.809520,1053,1877,1263,2393,3225,2403,2356,3100,2916,1448,3369,2836,1673,2159,,0.195326,0.110036,0.146552,0.756333,0.810022,0.910856,0.593750,0.838808,0.885714,0.391344,0.864407,0.767971,0.330882,0.125809
0.018001,0.827522,1054,1877,1263,2393,3225,2402,2356,3099,2916,1448,3369,2837,1673,2160,,0.196995,0.110036,0.146552,0.756333,0.810022,0.909974,0.593750,0.838044,0.885714,0.391344,0.864407,0.768881,0.330882,0.126528
0.018001,0.845523,1053,1877,1264,2393,3225,2402,2356,3099,2916,1448,3369,2837,1674,2159,,0.195326,0.110036,0.147510,0.756333,0.810022,0.909974,0.593750,0.838044,0.885714,0.391344,0.864407,0.768881,0.332108,0.125809
0.018001,0.863524,1054,1878,1263,2393,3224,2402,2356,3099,2916,1449,3369,2837,1674,2159,,0.196995,0.111245,0.146552,0.756333,0.809274,0.909974,0.593750,0.838044,0.885714,0.392265,0.864407,0.768881,0.332108,0.125809
0.018016,0.881539,1054,1878,1263,2393,3224,2402,2356,3099,2916,1449,3369,2837,1674,2159,,0.196995,0.111245,0.146552,0.756333,0.809274,0.909974,0.593750,0.838044,0.885714,0.392265,0.864407,0.768881,0.332108,0.125809
0.017987,0.899527,1054,1877,1263,2394,3225,2403,2357,3099,2916,1450,3368,2837,1674,2160,,0.196995,0.110036,0.146552,0.757539,0.810022,0.910856,0.594828,0.838044,0.885714,0.393186,0.863196,0.768881,0.332108,0.126528
0.018012,0.917539,1054,1878,1263,2393,3225,2403,2357,3100,2916,1452,3369,2837,1674,2160,,0.196995,0.111245,0.146552,0.756333,0.810022,0.910856,0.594828,0.838808,0.885714,0.395028,0.864407,0.768881,0.332108,0.126528
0.017989,0.935527,1054,1878,1263,2393,3225,2402,2357,3099,2915,1450,3368,2836,1673,2159,,0.196995,0.111245,0.146552,0.756333,0.810022,0.909974,0.594828,0.838044,0.884524,0.393186,0.863196,0.767971,0.330882,0.125809
0.018002,0.953530,1054,1877,1264,2394,3225,2403,2358,3099,2916,1451,3369,2838,1674,2160,,0.196995,0.110036,0.147510,0.757539,0.810022,0.910856,0.595905,0.838044,0.885714,0.394107,0.864407,0.769791,0.332108,0.126528
0.017999,0.971529,1054,1878,1263,2393,3225,2403,2357,3099,2916,1450,3369,2836,1674,2160,,0.196995,0.111245,0.146552,0.756333,0.810022,0.910856,0.594828,0.838044,0.885714,0.393186,0.864407,0.767971,0.332108,0.126528
0.018001,0.989530,1054,1878,1263,2393,3225,2403,2357,3099,2916,1450,3369,2836,1674,2160,,0.196995,0.111245,0.146552,0.756333,0.810022,0.910856,0.594828,0.838044,0.885714,0.393186,0.864407,0.767971,0.332108,0.126528
0.018033,1.007563,1054,1878,1263,2394,3225,2403,2358,3100,2916,1452,3369,2837,1674,2160,,0.196995,0.111245,0.146552,0.757539,0.810022,0.910856,0.595905,0.838808,0.885714,0.395028,0.864407,0.768881,0.332108,0.126528
0.017969,1.025533,1054,1878,1263,2393,3226,2403,2358,3100,2916,1452,3368,2837,1674,2159,,0.196995,0.111245,0.146552,0.756333,0.810770,0.910856,0.595905,0.838808,0.885714,0.395028,0.863196,0.768881,0.332108,0.125809
