GloveManager recording started on 10/20/16 at 16:01:41

,,Glove 1,Glove 1,Glove 1,Glove 1,Glove 1,Glove 1,Glove 1,Glove 1,Glove 1,Glove 1,Glove 1,Glove 1,Glove 1,Glove 1,,Glove 1 Scaled,Glove 1 Scaled,Glove 1 Scaled,Glove 1 Scaled,Glove 1 Scaled,Glove 1 Scaled,Glove 1 Scaled,Glove 1 Scaled,Glove 1 Scaled,Glove 1 Scaled,Glove 1 Scaled,Glove 1 Scaled,Glove 1 Scaled,Glove 1 Scaled
delta time (s), absolute time (s),Thumb Near,Thumb Far,Thumb/Index,Index Near,Index Far,Index/Middle,Middle Near,Middle Far,Middle/Ring,Ring Near,Ring Far,Ring/Little,Little Near,Little Far,,Thumb Near,Thumb Far,Thumb/Index,Index Near,Index Far,Index/Middle,Middle Near,Middle Far,Middle/Ring,Ring Near,Ring Far,Ring/Little,Little Near,Little Far
0.017504,0.017504,1091,1871,1356,2122,2331,1847,2653,3055,2860,1674,3413,2910,1911,2458,,0.258765,0.102781,0.235632,0.429433,0.141361,0.420124,0.913793,0.804431,0.819048,0.599447,0.917676,0.835305,0.622549,0.340762
0.017962,0.035467,1090,1872,1356,2122,2331,1847,2653,3056,2860,1674,3413,2910,1911,2458,,0.257095,0.103990,0.235632,0.429433,0.141361,0.420124,0.913793,0.805195,0.819048,0.599447,0.917676,0.835305,0.622549,0.340762
0.018002,0.053469,1090,1870,1355,2121,2330,1847,2654,3056,2860,1675,3413,2910,1911,2457,,0.257095,0.101572,0.234674,0.428227,0.140613,0.420124,0.914871,0.805195,0.819048,0.600368,0.917676,0.835305,0.622549,0.340043
0.018034,0.071503,1090,1870,1355,2121,2330,1848,2654,3055,2859,1673,3413,2911,1911,2458,,0.257095,0.101572,0.234674,0.428227,0.140613,0.421006,0.914871,0.804431,0.817857,0.598527,0.917676,0.836215,0.622549,0.340762
0.018027,0.089530,1090,1870,1355,2121,2331,1848,2654,3056,2859,1674,3413,2911,1911,2458,,0.257095,0.101572,0.234674,0.428227,0.141361,0.421006,0.914871,0.805195,0.817857,0.599447,0.917676,0.836215,0.622549,0.340762
0.017999,0.107529,1090,1871,1355,2121,2330,1848,2654,3054,2859,1673,3413,2910,1911,2458,,0.257095,0.102781,0.234674,0.428227,0.140613,0.421006,0.914871,0.803667,0.817857,0.598527,0.917676,0.835305,0.622549,0.340762
0.017995,0.125524,1090,1871,1355,2122,2330,1848,2653,3056,2859,1674,3413,2911,1912,2459,,0.257095,0.102781,0.234674,0.429433,0.140613,0.421006,0.913793,0.805195,0.817857,0.599447,0.917676,0.836215,0.623775,0.341481
0.017996,0.143520,1091,1871,1355,2122,2330,1849,2653,3056,2859,1674,3413,2911,1911,2458,,0.258765,0.102781,0.234674,0.429433,0.140613,0.421889,0.913793,0.805195,0.817857,0.599447,0.917676,0.836215,0.622549,0.340762
0.017986,0.161506,1091,1871,1355,2122,2330,1848,2654,3056,2859,1674,3413,2911,1913,2459,,0.258765,0.102781,0.234674,0.429433,0.140613,0.421006,0.914871,0.805195,0.817857,0.599447,0.917676,0.836215,0.625000,0.341481
0.018017,0.179523,1091,1872,1354,2123,2330,1849,2655,3057,2859,1674,3414,2911,1912,2459,,0.258765,0.103990,0.233716,0.430639,0.140613,0.421889,0.915948,0.805959,0.817857,0.599447,0.918886,0.836215,0.623775,0.341481
0.017982,0.197505,1090,1872,1354,2122,2330,1849,2654,3056,2860,1674,3413,2912,1911,2459,,0.257095,0.103990,0.233716,0.429433,0.140613,0.421889,0.914871,0.805195,0.819048,0.599447,0.917676,0.837125,0.622549,0.341481
0.018025,0.215529,1091,1872,1355,2122,2330,1849,2655,3056,2859,1675,3414,2910,1912,2459,,0.258765,0.103990,0.234674,0.429433,0.140613,0.421889,0.915948,0.805195,0.817857,0.600368,0.918886,0.835305,0.623775,0.341481
0.017997,0.233526,1091,1872,1355,2123,2330,1849,2655,3057,2860,1675,3413,2910,1912,2460,,0.258765,0.103990,0.234674,0.430639,0.140613,0.421889,0.915948,0.805959,0.819048,0.600368,0.917676,0.835305,0.623775,0.342200
0.018003,0.251529,1091,1872,1354,2123,2329,1848,2654,3057,2860,1675,3414,2912,1912,2460,,0.258765,0.103990,0.233716,0.430639,0.139865,0.421006,0.914871,0.805959,0.819048,0.600368,0.918886,0.837125,0.623775,0.342200
0.018008,0.269537,1090,1871,1354,2124,2329,1848,2655,3057,2859,1675,3413,2911,1912,2461,,0.257095,0.102781,0.233716,0.431846,0.139865,0.421006,0.915948,0.805959,0.817857,0.600368,0.917676,0.836215,0.623775,0.342919
0.017976,0.287513,1090,1871,1354,2123,2329,1849,2654,3057,2860,1675,3414,2911,1911,2461,,0.257095,0.102781,0.233716,0.430639,0.139865,0.421889,0.914871,0.805959,0.819048,0.600368,0.918886,0.836215,0.622549,0.342919
0.018033,0.305546,1090,1871,1354,2123,2330,1850,2655,3057,2860,1675,3414,2911,1913,2461,,0.257095,0.102781,0.233716,0.430639,0.140613,0.422771,0.915948,0.805959,0.819048,0.600368,0.918886,0.836215,0.625000,0.342919
0.017962,0.323507,1090,1871,1354,2124,2329,1849,2655,3057,2860,1676,3414,2911,1913,2462,,0.257095,0.102781,0.233716,0.431846,0.139865,0.421889,0.915948,0.805959,0.819048,0.601289,0.918886,0.836215,0.625000,0.343638
0.018024,0.341531,1090,1871,1354,2124,2330,1848,2656,3057,2860,1677,3415,2911,1912,2462,,0.257095,0.102781,0.233716,0.431846,0.140613,0.421006,0.917026,0.805959,0.819048,0.602210,0.920097,0.836215,0.623775,0.343638
0.018013,0.359545,1090,1871,1354,2124,2330,1849,2655,3057,2860,1677,3414,2911,1912,2462,,0.257095,0.102781,0.233716,0.431846,0.140613,0.421889,0.915948,0.805959,0.819048,0.602210,0.918886,0.836215,0.623775,0.343638
0.018000,0.377544,1090,1871,1353,2124,2328,1849,2656,3056,2859,1677,3414,2911,1911,2462,,0.257095,0.102781,0.232759,0.431846,0.139117,0.421889,0.917026,0.805195,0.817857,0.602210,0.918886,0.836215,0.622549,0.343638
0.018006,0.395550,1090,1871,1353,2125,2329,1849,2656,3056,2860,1678,3415,2911,1912,2462,,0.257095,0.102781,0.232759,0.433052,0.139865,0.421889,0.917026,0.805195,0.819048,0.603131,0.920097,0.836215,0.623775,0.343638
0.017961,0.413511,1091,1870,1354,2125,2329,1849,2656,3057,2860,1678,3414,2911,1911,2462,,0.258765,0.101572,0.233716,0.433052,0.139865,0.421889,0.917026,0.805959,0.819048,0.603131,0.918886,0.836215,0.622549,0.343638
0.018027,0.431538,1090,1870,1353,2125,2329,1850,2654,3056,2860,1677,3414,2910,1912,2463,,0.257095,0.101572,0.232759,0.433052,0.139865,0.422771,0.914871,0.805195,0.819048,0.602210,0.918886,0.835305,0.623775,0.344357
0.017972,0.449511,1089,1870,1353,2126,2328,1850,2655,3056,2858,1676,3414,2910,1912,2463,,0.255426,0.101572,0.232759,0.434258,0.139117,0.422771,0.915948,0.805195,0.816667,0.601289,0.918886,0.835305,0.623775,0.344357
0.018043,0.467553,1089,1870,1353,2126,2328,1850,2655,3056,2858,1676,3414,2910,1912,2463,,0.255426,0.101572,0.232759,0.434258,0.139117,0.422771,0.915948,0.805195,0.816667,0.601289,0.918886,0.835305,0.623775,0.344357
0.017995,0.485548,1090,1870,1354,2126,2328,1850,2655,3056,2860,1678,3414,2911,1913,2463,,0.257095,0.101572,0.233716,0.434258,0.139117,0.422771,0.915948,0.805195,0.819048,0.603131,0.918886,0.836215,0.625000,0.344357
0.017988,0.503536,1090,1870,1353,2126,2328,1852,2654,3055,2859,1678,3415,2910,1912,2463,,0.257095,0.101572,0.232759,0.434258,0.139117,0.424537,0.914871,0.804431,0.817857,0.603131,0.920097,0.835305,0.623775,0.344357
0.018014,0.521550,1090,1870,1353,2126,2328,1852,2654,3055,2859,1678,3415,2910,1912,2463,,0.257095,0.101572,0.232759,0.434258,0.139117,0.424537,0.914871,0.804431,0.817857,0.603131,0.920097,0.835305,0.623775,0.344357
0.017937,0.539487,1090,1870,1353,2126,2329,1851,2655,3055,2860,1678,3415,2912,1913,2464,,0.257095,0.101572,0.232759,0.434258,0.139865,0.423654,0.915948,0.804431,0.819048,0.603131,0.920097,0.837125,0.625000,0.345075
0.018025,0.557513,1091,1870,1354,2127,2328,1852,2655,3056,2859,1678,3414,2911,1913,2464,,0.258765,0.101572,0.233716,0.435464,0.139117,0.424537,0.915948,0.805195,0.817857,0.603131,0.918886,0.836215,0.625000,0.345075
0.018012,0.575525,1090,1870,1353,2127,2328,1852,2655,3055,2860,1678,3415,2911,1913,2464,,0.257095,0.101572,0.232759,0.435464,0.139117,0.424537,0.915948,0.804431,0.819048,0.603131,0.920097,0.836215,0.625000,0.345075
0.018016,0.593540,1090,1870,1354,2128,2329,1853,2655,3055,2860,1678,3415,2911,1913,2464,,0.257095,0.101572,0.233716,0.436671,0.139865,0.425419,0.915948,0.804431,0.819048,0.603131,0.920097,0.836215,0.625000,0.345075
0.017981,0.611521,1090,1871,1354,2128,2328,1853,2655,3055,2861,1678,3414,2911,1913,2465,,0.257095,0.102781,0.233716,0.436671,0.139117,0.425419,0.915948,0.804431,0.820238,0.603131,0.918886,0.836215,0.625000,0.345794
0.018033,0.629554,1090,1871,1354,2128,2328,1853,2655,3055,2861,1678,3414,2911,1913,2465,,0.257095,0.102781,0.233716,0.436671,0.139117,0.425419,0.915948,0.804431,0.820238,0.603131,0.918886,0.836215,0.625000,0.345794
0.017990,0.647544,1090,1869,1354,2127,2328,1852,2655,3055,2860,1677,3414,2911,1913,2465,,0.257095,0.100363,0.233716,0.435464,0.139117,0.424537,0.915948,0.804431,0.819048,0.602210,0.918886,0.836215,0.625000,0.345794
0.018011,0.665555,1090,1869,1354,2127,2328,1852,2655,3055,2860,1677,3414,2911,1913,2465,,0.257095,0.100363,0.233716,0.435464,0.139117,0.424537,0.915948,0.804431,0.819048,0.602210,0.918886,0.836215,0.625000,0.345794
0.017997,0.683552,1090,1870,1354,2129,2328,1853,2654,3055,2860,1677,3414,2911,1912,2465,,0.257095,0.101572,0.233716,0.437877,0.139117,0.425419,0.914871,0.804431,0.819048,0.602210,0.918886,0.836215,0.623775,0.345794
0.017970,0.701522,1090,1870,1354,2130,2328,1853,2654,3055,2860,1678,3414,2911,1913,2466,,0.257095,0.101572,0.233716,0.439083,0.139117,0.425419,0.914871,0.804431,0.819048,0.603131,0.918886,0.836215,0.625000,0.346513
0.018031,0.719553,1089,1870,1354,2130,2328,1855,2655,3056,2861,1679,3415,2912,1914,2467,,0.255426,0.101572,0.233716,0.439083,0.139117,0.427184,0.915948,0.805195,0.820238,0.604052,0.920097,0.837125,0.626225,0.347232
0.017995,0.737548,1089,1870,1354,2130,2328,1855,2655,3056,2861,1679,3415,2912,1914,2467,,0.255426,0.101572,0.233716,0.439083,0.139117,0.427184,0.915948,0.805195,0.820238,0.604052,0.920097,0.837125,0.626225,0.347232
0.017998,0.755547,1090,1870,1354,2132,2327,1856,2655,3056,2861,1679,3415,2911,1914,2468,,0.257095,0.101572,0.233716,0.441496,0.138369,0.428067,0.915948,0.805195,0.820238,0.604052,0.920097,0.836215,0.626225,0.347951
0.017986,0.773532,1089,1870,1354,2132,2328,1856,2655,3056,2861,1680,3415,2912,1914,2468,,0.255426,0.101572,0.233716,0.441496,0.139117,0.428067,0.915948,0.805195,0.820238,0.604972,0.920097,0.837125,0.626225,0.347951
0.017997,0.791530,1090,1870,1354,2132,2328,1857,2653,3056,2861,1679,3415,2911,1914,2468,,0.257095,0.101572,0.233716,0.441496,0.139117,0.428950,0.913793,0.805195,0.820238,0.604052,0.920097,0.836215,0.626225,0.347951
0.018053,0.809583,1090,1869,1354,2132,2327,1857,2654,3056,2861,1679,3415,2912,1914,2468,,0.257095,0.100363,0.233716,0.441496,0.138369,0.428950,0.914871,0.805195,0.820238,0.604052,0.920097,0.837125,0.626225,0.347951
0.017953,0.827536,1090,1870,1354,2132,2327,1857,2654,3056,2861,1678,3415,2911,1914,2468,,0.257095,0.101572,0.233716,0.441496,0.138369,0.428950,0.914871,0.805195,0.820238,0.603131,0.920097,0.836215,0.626225,0.347951
0.018016,0.845552,1089,1870,1354,2132,2328,1857,2654,3056,2860,1679,3415,2912,1915,2469,,0.255426,0.101572,0.233716,0.441496,0.139117,0.428950,0.914871,0.805195,0.819048,0.604052,0.920097,0.837125,0.627451,0.348670
0.017992,0.863544,1090,1870,1354,2132,2327,1857,2655,3056,2861,1679,3415,2912,1913,2470,,0.257095,0.101572,0.233716,0.441496,0.138369,0.428950,0.915948,0.805195,0.820238,0.604052,0.920097,0.837125,0.625000,0.349389
0.018024,0.881568,1090,1869,1354,2133,2327,1858,2655,3056,2861,1679,3415,2911,1914,2472,,0.257095,0.100363,0.233716,0.442702,0.138369,0.429832,0.915948,0.805195,0.820238,0.604052,0.920097,0.836215,0.626225,0.350827
0.017994,0.899563,1089,1869,1354,2133,2328,1858,2654,3056,2861,1680,3415,2912,1914,2472,,0.255426,0.100363,0.233716,0.442702,0.139117,0.429832,0.914871,0.805195,0.820238,0.604972,0.920097,0.837125,0.626225,0.350827
0.017996,0.917559,1089,1870,1354,2133,2327,1857,2655,3056,2861,1679,3415,2912,1913,2473,,0.255426,0.101572,0.233716,0.442702,0.138369,0.428950,0.915948,0.805195,0.820238,0.604052,0.920097,0.837125,0.625000,0.351546
0.017995,0.935554,1089,1869,1353,2133,2327,1858,2654,3055,2862,1680,3415,2911,1913,2473,,0.255426,0.100363,0.232759,0.442702,0.138369,0.429832,0.914871,0.804431,0.821429,0.604972,0.920097,0.836215,0.625000,0.351546
0.017991,0.953546,1089,1868,1354,2133,2327,1858,2654,3055,2862,1679,3416,2911,1914,2473,,0.255426,0.099154,0.233716,0.442702,0.138369,0.429832,0.914871,0.804431,0.821429,0.604052,0.921308,0.836215,0.626225,0.351546
0.018014,0.971560,1089,1868,1354,2133,2327,1858,2654,3055,2862,1679,3416,2911,1914,2473,,0.255426,0.099154,0.233716,0.442702,0.138369,0.429832,0.914871,0.804431,0.821429,0.604052,0.921308,0.836215,0.626225,0.351546
0.017983,0.989543,1088,1869,1354,2133,2327,1859,2653,3055,2861,1680,3415,2911,1912,2473,,0.253756,0.100363,0.233716,0.442702,0.138369,0.430715,0.913793,0.804431,0.820238,0.604972,0.920097,0.836215,0.623775,0.351546
0.018041,1.007584,1088,1869,1354,2133,2327,1859,2653,3055,2861,1680,3415,2911,1912,2473,,0.253756,0.100363,0.233716,0.442702,0.138369,0.430715,0.913793,0.804431,0.820238,0.604972,0.920097,0.836215,0.623775,0.351546
0.017992,1.025576,1089,1869,1354,2134,2325,1860,2654,3055,2862,1679,3415,2912,1913,2474,,0.255426,0.100363,0.233716,0.443908,0.136874,0.431598,0.914871,0.804431,0.821429,0.604052,0.920097,0.837125,0.625000,0.352265
