GloveManager recording started on 10/20/16 at 16:01:59

,,Glove 1,Glove 1,Glove 1,Glove 1,Glove 1,Glove 1,Glove 1,Glove 1,Glove 1,Glove 1,Glove 1,Glove 1,Glove 1,Glove 1,,Glove 1 Scaled,Glove 1 Scaled,Glove 1 Scaled,Glove 1 Scaled,Glove 1 Scaled,Glove 1 Scaled,Glove 1 Scaled,Glove 1 Scaled,Glove 1 Scaled,Glove 1 Scaled,Glove 1 Scaled,Glove 1 Scaled,Glove 1 Scaled,Glove 1 Scaled
delta time (s), absolute time (s),Thumb Near,Thumb Far,Thumb/Index,Index Near,Index Far,Index/Middle,Middle Near,Middle Far,Middle/Ring,Ring Near,Ring Far,Ring/Little,Little Near,Little Far,,Thumb Near,Thumb Far,Thumb/Index,Index Near,Index Far,Index/Middle,Middle Near,Middle Far,Middle/Ring,Ring Near,Ring Far,Ring/Little,Little Near,Little Far
0.017387,0.017387,1157,1876,1269,2166,2857,2298,1955,2883,2913,1144,3249,2896,1628,2473,,0.368948,0.108827,0.152299,0.482509,0.534779,0.818182,0.161638,0.673033,0.882143,0.111418,0.719128,0.822566,0.275735,0.351546
0.018007,0.035394,1157,1877,1270,2165,2857,2298,1955,2884,2913,1143,3249,2895,1627,2473,,0.368948,0.110036,0.153257,0.481303,0.534779,0.818182,0.161638,0.673797,0.882143,0.110497,0.719128,0.821656,0.274510,0.351546
0.018021,0.053415,1157,1877,1270,2166,2858,2298,1955,2884,2913,1143,3250,2896,1628,2473,,0.368948,0.110036,0.153257,0.482509,0.535527,0.818182,0.161638,0.673797,0.882143,0.110497,0.720339,0.822566,0.275735,0.351546
0.017914,0.071328,1157,1877,1270,2165,2858,2298,1956,2884,2913,1143,3250,2897,1628,2473,,0.368948,0.110036,0.153257,0.481303,0.535527,0.818182,0.162716,0.673797,0.882143,0.110497,0.720339,0.823476,0.275735,0.351546
0.018068,0.089396,1157,1876,1270,2166,2858,2297,1955,2884,2914,1143,3250,2897,1628,2474,,0.368948,0.108827,0.153257,0.482509,0.535527,0.817299,0.161638,0.673797,0.883333,0.110497,0.720339,0.823476,0.275735,0.352265
0.017979,0.107375,1158,1877,1271,2165,2859,2299,1956,2885,2914,1144,3250,2896,1628,2474,,0.370618,0.110036,0.154215,0.481303,0.536275,0.819064,0.162716,0.674561,0.883333,0.111418,0.720339,0.822566,0.275735,0.352265
0.017980,0.125355,1158,1877,1270,2164,2858,2299,1956,2884,2913,1143,3250,2896,1628,2474,,0.370618,0.110036,0.153257,0.480096,0.535527,0.819064,0.162716,0.673797,0.882143,0.110497,0.720339,0.822566,0.275735,0.352265
0.017976,0.143331,1157,1877,1270,2166,2858,2298,1956,2885,2912,1143,3250,2895,1628,2475,,0.368948,0.110036,0.153257,0.482509,0.535527,0.818182,0.162716,0.674561,0.880952,0.110497,0.720339,0.821656,0.275735,0.352983
0.018049,0.161380,1157,1877,1270,2165,2859,2299,1956,2884,2913,1143,3250,2895,1628,2475,,0.368948,0.110036,0.153257,0.481303,0.536275,0.819064,0.162716,0.673797,0.882143,0.110497,0.720339,0.821656,0.275735,0.352983
0.018032,0.179412,1157,1877,1269,2165,2859,2298,1956,2884,2913,1143,3249,2895,1628,2475,,0.368948,0.110036,0.152299,0.481303,0.536275,0.818182,0.162716,0.673797,0.882143,0.110497,0.719128,0.821656,0.275735,0.352983
0.017947,0.197359,1157,1876,1270,2165,2859,2298,1956,2884,2913,1143,3249,2895,1628,2475,,0.368948,0.108827,0.153257,0.481303,0.536275,0.818182,0.162716,0.673797,0.882143,0.110497,0.719128,0.821656,0.275735,0.352983
0.018002,0.215361,1157,1876,1270,2165,2859,2298,1955,2884,2913,1144,3250,2895,1628,2475,,0.368948,0.108827,0.153257,0.481303,0.536275,0.818182,0.161638,0.673797,0.882143,0.111418,0.720339,0.821656,0.275735,0.352983
0.017999,0.233361,1157,1877,1270,2165,2859,2298,1957,2884,2913,1144,3250,2896,1629,2476,,0.368948,0.110036,0.153257,0.481303,0.536275,0.818182,0.163793,0.673797,0.882143,0.111418,0.720339,0.822566,0.276961,0.353702
0.018068,0.251428,1158,1877,1270,2164,2860,2298,1956,2885,2912,1144,3250,2896,1629,2476,,0.370618,0.110036,0.153257,0.480096,0.537023,0.818182,0.162716,0.674561,0.880952,0.111418,0.720339,0.822566,0.276961,0.353702
0.017927,0.269355,1157,1877,1270,2165,2860,2297,1956,2885,2912,1143,3250,2896,1629,2476,,0.368948,0.110036,0.153257,0.481303,0.537023,0.817299,0.162716,0.674561,0.880952,0.110497,0.720339,0.822566,0.276961,0.353702
0.018034,0.287389,1157,1877,1270,2165,2860,2297,1956,2885,2912,1143,3250,2896,1629,2476,,0.368948,0.110036,0.153257,0.481303,0.537023,0.817299,0.162716,0.674561,0.880952,0.110497,0.720339,0.822566,0.276961,0.353702
0.017990,0.305379,1156,1877,1270,2165,2861,2298,1957,2884,2913,1144,3250,2895,1629,2476,,0.367279,0.110036,0.153257,0.481303,0.537771,0.818182,0.163793,0.673797,0.882143,0.111418,0.720339,0.821656,0.276961,0.353702
0.017962,0.323341,1158,1877,1270,2165,2860,2298,1957,2885,2913,1143,3250,2896,1628,2476,,0.370618,0.110036,0.153257,0.481303,0.537023,0.818182,0.163793,0.674561,0.882143,0.110497,0.720339,0.822566,0.275735,0.353702
0.018025,0.341366,1157,1876,1270,2165,2861,2298,1957,2884,2913,1144,3250,2895,1629,2476,,0.368948,0.108827,0.153257,0.481303,0.537771,0.818182,0.163793,0.673797,0.882143,0.111418,0.720339,0.821656,0.276961,0.353702
0.018035,0.359401,1157,1876,1270,2165,2861,2298,1957,2884,2913,1144,3250,2895,1629,2476,,0.368948,0.108827,0.153257,0.481303,0.537771,0.818182,0.163793,0.673797,0.882143,0.111418,0.720339,0.821656,0.276961,0.353702
0.017993,0.377394,1157,1877,1271,2165,2861,2299,1957,2885,2913,1144,3250,2896,1629,2477,,0.368948,0.110036,0.154215,0.481303,0.537771,0.819064,0.163793,0.674561,0.882143,0.111418,0.720339,0.822566,0.276961,0.354421
0.017972,0.395367,1157,1876,1271,2165,2861,2299,1957,2885,2913,1144,3250,2896,1629,2477,,0.368948,0.108827,0.154215,0.481303,0.537771,0.819064,0.163793,0.674561,0.882143,0.111418,0.720339,0.822566,0.276961,0.354421
0.018002,0.413369,1157,1877,1270,2165,2862,2298,1957,2884,2913,1145,3250,2895,1628,2477,,0.368948,0.110036,0.153257,0.481303,0.538519,0.818182,0.163793,0.673797,0.882143,0.112339,0.720339,0.821656,0.275735,0.354421
0.017977,0.431346,1157,1877,1271,2165,2861,2299,1959,2884,2913,1144,3250,2895,1628,2478,,0.368948,0.110036,0.154215,0.481303,0.537771,0.819064,0.165948,0.673797,0.882143,0.111418,0.720339,0.821656,0.275735,0.355140
0.018066,0.449412,1158,1877,1271,2165,2862,2298,1958,2884,2913,1144,3250,2896,1628,2478,,0.370618,0.110036,0.154215,0.481303,0.538519,0.818182,0.164871,0.673797,0.882143,0.111418,0.720339,0.822566,0.275735,0.355140
0.018003,0.467415,1156,1876,1270,2165,2861,2298,1959,2884,2913,1145,3251,2895,1629,2478,,0.367279,0.108827,0.153257,0.481303,0.537771,0.818182,0.165948,0.673797,0.882143,0.112339,0.721550,0.821656,0.276961,0.355140
0.017992,0.485408,1156,1877,1270,2164,2862,2298,1959,2884,2913,1145,3250,2896,1629,2477,,0.367279,0.110036,0.153257,0.480096,0.538519,0.818182,0.165948,0.673797,0.882143,0.112339,0.720339,0.822566,0.276961,0.354421
0.018033,0.503440,1157,1877,1271,2165,2862,2298,1960,2885,2913,1145,3250,2896,1629,2479,,0.368948,0.110036,0.154215,0.481303,0.538519,0.818182,0.167026,0.674561,0.882143,0.112339,0.720339,0.822566,0.276961,0.355859
0.017951,0.521392,1158,1876,1271,2165,2863,2298,1959,2884,2913,1144,3250,2895,1629,2479,,0.370618,0.108827,0.154215,0.481303,0.539267,0.818182,0.165948,0.673797,0.882143,0.111418,0.720339,0.821656,0.276961,0.355859
0.018015,0.539407,1156,1877,1270,2165,2863,2299,1959,2885,2912,1145,3251,2896,1628,2479,,0.367279,0.110036,0.153257,0.481303,0.539267,0.819064,0.165948,0.674561,0.880952,0.112339,0.721550,0.822566,0.275735,0.355859
0.017994,0.557401,1156,1877,1271,2165,2863,2299,1959,2885,2913,1144,3250,2896,1628,2479,,0.367279,0.110036,0.154215,0.481303,0.539267,0.819064,0.165948,0.674561,0.882143,0.111418,0.720339,0.822566,0.275735,0.355859
0.017978,0.575378,1157,1877,1270,2165,2863,2299,1959,2885,2913,1144,3251,2896,1629,2480,,0.368948,0.110036,0.153257,0.481303,0.539267,0.819064,0.165948,0.674561,0.882143,0.111418,0.721550,0.822566,0.276961,0.356578
0.018001,0.593380,1157,1876,1271,2164,2864,2298,1960,2884,2913,1145,3251,2895,1629,2480,,0.368948,0.108827,0.154215,0.480096,0.540015,0.818182,0.167026,0.673797,0.882143,0.112339,0.721550,0.821656,0.276961,0.356578
0.018045,0.611425,1156,1876,1270,2165,2864,2299,1960,2884,2913,1144,3250,2895,1629,2479,,0.367279,0.108827,0.153257,0.481303,0.540015,0.819064,0.167026,0.673797,0.882143,0.111418,0.720339,0.821656,0.276961,0.355859
0.017956,0.629381,1155,1876,1270,2164,2865,2298,1960,2885,2913,1144,3250,2895,1629,2479,,0.365609,0.108827,0.153257,0.480096,0.540763,0.818182,0.167026,0.674561,0.882143,0.111418,0.720339,0.821656,0.276961,0.355859
0.018023,0.647404,1156,1876,1271,2164,2864,2299,1961,2884,2912,1144,3251,2895,1628,2480,,0.367279,0.108827,0.154215,0.480096,0.540015,0.819064,0.168103,0.673797,0.880952,0.111418,0.721550,0.821656,0.275735,0.356578
0.017979,0.665383,1156,1876,1271,2164,2865,2299,1961,2885,2913,1145,3251,2895,1629,2479,,0.367279,0.108827,0.154215,0.480096,0.540763,0.819064,0.168103,0.674561,0.882143,0.112339,0.721550,0.821656,0.276961,0.355859
0.018085,0.683467,1155,1876,1271,2164,2865,2299,1960,2884,2912,1145,3251,2896,1629,2480,,0.365609,0.108827,0.154215,0.480096,0.540763,0.819064,0.167026,0.673797,0.880952,0.112339,0.721550,0.822566,0.276961,0.356578
0.017955,0.701423,1156,1876,1271,2164,2864,2299,1960,2883,2912,1144,3250,2896,1629,2481,,0.367279,0.108827,0.154215,0.480096,0.540015,0.819064,0.167026,0.673033,0.880952,0.111418,0.720339,0.822566,0.276961,0.357297
0.017994,0.719417,1155,1875,1271,2164,2865,2299,1960,2884,2912,1144,3250,2896,1628,2481,,0.365609,0.107618,0.154215,0.480096,0.540763,0.819064,0.167026,0.673797,0.880952,0.111418,0.720339,0.822566,0.275735,0.357297
0.018002,0.737420,1155,1875,1271,2164,2865,2299,1960,2884,2912,1144,3250,2896,1628,2481,,0.365609,0.107618,0.154215,0.480096,0.540763,0.819064,0.167026,0.673797,0.880952,0.111418,0.720339,0.822566,0.275735,0.357297
0.017990,0.755409,1156,1876,1271,2165,2864,2299,1961,2884,2912,1145,3250,2895,1629,2480,,0.367279,0.108827,0.154215,0.481303,0.540015,0.819064,0.168103,0.673797,0.880952,0.112339,0.720339,0.821656,0.276961,0.356578
0.017975,0.773384,1155,1876,1270,2165,2865,2299,1962,2884,2912,1144,3250,2896,1629,2480,,0.365609,0.108827,0.153257,0.481303,0.540763,0.819064,0.169181,0.673797,0.880952,0.111418,0.720339,0.822566,0.276961,0.356578
0.018016,0.791401,1155,1875,1271,2165,2865,2299,1962,2884,2912,1144,3250,2896,1629,2480,,0.365609,0.107618,0.154215,0.481303,0.540763,0.819064,0.169181,0.673797,0.880952,0.111418,0.720339,0.822566,0.276961,0.356578
0.017995,0.809396,1155,1875,1271,2165,2865,2299,1962,2884,2912,1144,3250,2896,1629,2480,,0.365609,0.107618,0.154215,0.481303,0.540763,0.819064,0.169181,0.673797,0.880952,0.111418,0.720339,0.822566,0.276961,0.356578
0.018024,0.827420,1155,1875,1272,2165,2866,2299,1961,2884,2912,1144,3251,2896,1629,2480,,0.365609,0.107618,0.155172,0.481303,0.541511,0.819064,0.168103,0.673797,0.880952,0.111418,0.721550,0.822566,0.276961,0.356578
0.018001,0.845421,1154,1876,1272,2165,2865,2299,1962,2884,2912,1145,3250,2896,1629,2481,,0.363940,0.108827,0.155172,0.481303,0.540763,0.819064,0.169181,0.673797,0.880952,0.112339,0.720339,0.822566,0.276961,0.357297
0.017970,0.863391,1154,1876,1273,2165,2865,2298,1963,2884,2912,1145,3250,2896,1629,2481,,0.363940,0.108827,0.156130,0.481303,0.540763,0.818182,0.170259,0.673797,0.880952,0.112339,0.720339,0.822566,0.276961,0.357297
0.018030,0.881421,1154,1876,1272,2165,2865,2298,1962,2883,2912,1146,3250,2896,1629,2481,,0.363940,0.108827,0.155172,0.481303,0.540763,0.818182,0.169181,0.673033,0.880952,0.113260,0.720339,0.822566,0.276961,0.357297
0.017970,0.899391,1155,1876,1273,2165,2866,2298,1963,2884,2912,1146,3251,2896,1629,2480,,0.365609,0.108827,0.156130,0.481303,0.541511,0.818182,0.170259,0.673797,0.880952,0.113260,0.721550,0.822566,0.276961,0.356578
0.017980,0.917370,1154,1876,1274,2165,2865,2299,1963,2883,2913,1145,3251,2897,1629,2481,,0.363940,0.108827,0.157088,0.481303,0.540763,0.819064,0.170259,0.673033,0.882143,0.112339,0.721550,0.823476,0.276961,0.357297
0.017999,0.935370,1154,1876,1274,2165,2865,2299,1963,2883,2913,1145,3251,2897,1629,2481,,0.363940,0.108827,0.157088,0.481303,0.540763,0.819064,0.170259,0.673033,0.882143,0.112339,0.721550,0.823476,0.276961,0.357297
0.018057,0.953427,1154,1876,1273,2164,2866,2299,1962,2883,2913,1145,3250,2897,1629,2481,,0.363940,0.108827,0.156130,0.480096,0.541511,0.819064,0.169181,0.673033,0.882143,0.112339,0.720339,0.823476,0.276961,0.357297
0.017991,0.971417,1154,1875,1273,2165,2866,2298,1963,2884,2912,1146,3250,2897,1629,2481,,0.363940,0.107618,0.156130,0.481303,0.541511,0.818182,0.170259,0.673797,0.880952,0.113260,0.720339,0.823476,0.276961,0.357297
0.017957,0.989374,1155,1876,1273,2164,2867,2298,1963,2883,2912,1145,3250,2897,1629,2481,,0.365609,0.108827,0.156130,0.480096,0.542259,0.818182,0.170259,0.673033,0.880952,0.112339,0.720339,0.823476,0.276961,0.357297
0.018030,1.007404,1154,1875,1273,2164,2866,2298,1963,2884,2911,1145,3250,2897,1629,2480,,0.363940,0.107618,0.156130,0.480096,0.541511,0.818182,0.170259,0.673797,0.879762,0.112339,0.720339,0.823476,0.276961,0.356578
0.018021,1.025425,1154,1875,1273,2163,2866,2297,1962,2884,2912,1145,3250,2897,1629,2480,,0.363940,0.107618,0.156130,0.478890,0.541511,0.817299,0.169181,0.673797,0.880952,0.112339,0.720339,0.823476,0.276961,0.356578
0.017986,1.043411,1154,1875,1273,2162,2867,2298,1963,2883,2913,1145,3250,2897,1629,2481,,0.363940,0.107618,0.156130,0.477684,0.542259,0.818182,0.170259,0.673033,0.882143,0.112339,0.720339,0.823476,0.276961,0.357297
0.018017,1.061428,1155,1876,1274,2163,2868,2298,1962,2883,2912,1145,3250,2897,1630,2480,,0.365609,0.108827,0.157088,0.478890,0.543007,0.818182,0.169181,0.673033,0.880952,0.112339,0.720339,0.823476,0.278186,0.356578
0.018003,1.079431,1155,1876,1274,2163,2868,2298,1962,2883,2912,1145,3250,2897,1630,2480,,0.365609,0.108827,0.157088,0.478890,0.543007,0.818182,0.169181,0.673033,0.880952,0.112339,0.720339,0.823476,0.278186,0.356578
0.018020,1.097451,1155,1876,1273,2164,2868,2298,1963,2883,2912,1146,3250,2897,1629,2481,,0.365609,0.108827,0.156130,0.480096,0.543007,0.818182,0.170259,0.673033,0.880952,0.113260,0.720339,0.823476,0.276961,0.357297
0.017975,1.115426,1154,1876,1274,2164,2868,2298,1963,2884,2912,1145,3251,2897,1629,2481,,0.363940,0.108827,0.157088,0.480096,0.543007,0.818182,0.170259,0.673797,0.880952,0.112339,0.721550,0.823476,0.276961,0.357297
0.017980,1.133406,1154,1876,1273,2164,2868,2297,1963,2883,2913,1145,3250,2897,1629,2481,,0.363940,0.108827,0.156130,0.480096,0.543007,0.817299,0.170259,0.673033,0.882143,0.112339,0.720339,0.823476,0.276961,0.357297
0.018031,1.151436,1155,1876,1274,2164,2869,2299,1964,2884,2912,1145,3250,2897,1629,2481,,0.365609,0.108827,0.157088,0.480096,0.543755,0.819064,0.171336,0.673797,0.880952,0.112339,0.720339,0.823476,0.276961,0.357297
0.018005,1.169441,1155,1876,1274,2164,2869,2298,1964,2884,2912,1144,3250,2897,1630,2481,,0.365609,0.108827,0.157088,0.480096,0.543755,0.818182,0.171336,0.673797,0.880952,0.111418,0.720339,0.823476,0.278186,0.357297
0.017966,1.187408,1155,1876,1273,2164,2869,2298,1963,2884,2913,1146,3250,2896,1629,2481,,0.365609,0.108827,0.156130,0.480096,0.543755,0.818182,0.170259,0.673797,0.882143,0.113260,0.720339,0.822566,0.276961,0.357297
0.018031,1.205439,1154,1875,1274,2163,2868,2297,1962,2884,2911,1145,3250,2897,1628,2482,,0.363940,0.107618,0.157088,0.478890,0.543007,0.817299,0.169181,0.673797,0.879762,0.112339,0.720339,0.823476,0.275735,0.358016
0.017972,1.223411,1153,1875,1274,2163,2869,2297,1963,2883,2912,1145,3250,2897,1629,2481,,0.362270,0.107618,0.157088,0.478890,0.543755,0.817299,0.170259,0.673033,0.880952,0.112339,0.720339,0.823476,0.276961,0.357297
0.018001,1.241412,1154,1876,1274,2163,2868,2297,1963,2883,2912,1145,3250,2897,1629,2481,,0.363940,0.108827,0.157088,0.478890,0.543007,0.817299,0.170259,0.673033,0.880952,0.112339,0.720339,0.823476,0.276961,0.357297
0.018000,1.259413,1153,1875,1274,2163,2868,2298,1963,2884,2912,1146,3250,2897,1628,2482,,0.362270,0.107618,0.157088,0.478890,0.543007,0.818182,0.170259,0.673797,0.880952,0.113260,0.720339,0.823476,0.275735,0.358016
0.018022,1.277434,1154,1875,1273,2164,2869,2297,1963,2883,2912,1145,3250,2897,1627,2482,,0.363940,0.107618,0.156130,0.480096,0.543755,0.817299,0.170259,0.673033,0.880952,0.112339,0.720339,0.823476,0.274510,0.358016
0.018013,1.295448,1153,1875,1274,2164,2869,2297,1964,2884,2912,1144,3251,2896,1629,2482,,0.362270,0.107618,0.157088,0.480096,0.543755,0.817299,0.171336,0.673797,0.880952,0.111418,0.721550,0.822566,0.276961,0.358016
