GloveManager recording started on 10/20/16 at 16:02:37

,,Glove 1,Glove 1,Glove 1,Glove 1,Glove 1,Glove 1,Glove 1,Glove 1,Glove 1,Glove 1,Glove 1,Glove 1,Glove 1,Glove 1,,Glove 1 Scaled,Glove 1 Scaled,Glove 1 Scaled,Glove 1 Scaled,Glove 1 Scaled,Glove 1 Scaled,Glove 1 Scaled,Glove 1 Scaled,Glove 1 Scaled,Glove 1 Scaled,Glove 1 Scaled,Glove 1 Scaled,Glove 1 Scaled,Glove 1 Scaled
delta time (s), absolute time (s),Thumb Near,Thumb Far,Thumb/Index,Index Near,Index Far,Index/Middle,Middle Near,Middle Far,Middle/Ring,Ring Near,Ring Far,Ring/Little,Little Near,Little Far,,Thumb Near,Thumb Far,Thumb/Index,Index Near,Index Far,Index/Middle,Middle Near,Middle Far,Middle/Ring,Ring Near,Ring Far,Ring/Little,Little Near,Little Far
0.017324,0.017324,1060,1818,1311,2212,2210,2233,2151,3079,2909,1279,3384,2887,1681,2628,,0.207012,0.038694,0.192529,0.537998,0.050860,0.760812,0.339216,0.822765,0.877381,0.235727,0.882567,0.814377,0.322880,0.462976
0.018002,0.035326,1058,1817,1311,2212,2210,2232,2150,3080,2909,1279,3384,2887,1682,2628,,0.203673,0.037485,0.192529,0.537998,0.050860,0.759929,0.338235,0.823529,0.877381,0.235727,0.882567,0.814377,0.324042,0.462976
0.018009,0.053336,1059,1818,1312,2210,2210,2233,2150,3080,2909,1279,3384,2887,1681,2627,,0.203673,0.038694,0.194444,0.537998,0.050112,0.760812,0.338235,0.823529,0.877381,0.235727,0.882567,0.814377,0.322880,0.462257
0.017947,0.071282,1058,1818,1313,2212,2209,2233,2150,3080,2909,1279,3384,2887,1681,2627,,0.203673,0.038694,0.194444,0.537998,0.050112,0.760812,0.338235,0.823529,0.877381,0.235727,0.882567,0.814377,0.322880,0.462257
0.018048,0.089330,1058,1817,1313,2212,2210,2233,2150,3080,2909,1280,3384,2887,1681,2627,,0.203673,0.037485,0.194444,0.537998,0.050860,0.760812,0.338235,0.823529,0.877381,0.236648,0.882567,0.814377,0.322880,0.462257
0.018009,0.107339,1059,1818,1313,2213,2210,2233,2151,3080,2909,1279,3384,2887,1681,2627,,0.205342,0.038694,0.194444,0.539204,0.050860,0.760812,0.339216,0.823529,0.877381,0.235727,0.882567,0.814377,0.322880,0.462257
0.017977,0.125316,1058,1818,1314,2213,2210,2234,2150,3080,2909,1279,3384,2887,1681,2627,,0.203673,0.038694,0.195402,0.539204,0.050860,0.761695,0.338235,0.823529,0.877381,0.235727,0.882567,0.814377,0.322880,0.462257
0.018015,0.143331,1058,1817,1313,2213,2209,2233,2150,3081,2909,1279,3384,2887,1681,2627,,0.203673,0.037485,0.194444,0.539204,0.050112,0.760812,0.338235,0.824293,0.877381,0.235727,0.882567,0.814377,0.322880,0.462257
0.017957,0.161288,1058,1817,1313,2212,2211,2233,2151,3080,2909,1281,3384,2887,1681,2628,,0.203673,0.037485,0.194444,0.537998,0.051608,0.760812,0.339216,0.823529,0.877381,0.237569,0.882567,0.814377,0.322880,0.462976
0.018046,0.179334,1058,1817,1313,2213,2210,2233,2152,3080,2909,1281,3384,2887,1681,2628,,0.203673,0.037485,0.194444,0.539204,0.050860,0.760812,0.340196,0.823529,0.877381,0.237569,0.882567,0.814377,0.322880,0.462976
0.017999,0.197333,1058,1817,1313,2213,2209,2233,2152,3080,2909,1281,3383,2888,1681,2628,,0.203673,0.037485,0.194444,0.539204,0.050112,0.760812,0.340196,0.823529,0.877381,0.237569,0.881356,0.815287,0.322880,0.462976
0.018010,0.215343,1058,1817,1313,2213,2209,2233,2152,3080,2909,1281,3383,2888,1681,2628,,0.203673,0.037485,0.194444,0.539204,0.050112,0.760812,0.340196,0.823529,0.877381,0.237569,0.881356,0.815287,0.322880,0.462976
0.018000,0.233343,1058,1818,1312,2214,2210,2234,2153,3080,2909,1282,3384,2887,1683,2629,,0.203673,0.038694,0.193487,0.540410,0.050860,0.761695,0.341176,0.823529,0.877381,0.238490,0.882567,0.814377,0.325203,0.463695
0.017986,0.251329,1058,1819,1311,2216,2210,2235,2155,3079,2909,1282,3384,2886,1684,2630,,0.203673,0.039903,0.192529,0.542823,0.050860,0.762577,0.343137,0.822765,0.877381,0.238490,0.882567,0.813467,0.326365,0.464414
0.018050,0.269378,1058,1819,1311,2216,2210,2235,2155,3079,2909,1282,3384,2886,1684,2630,,0.203673,0.039903,0.192529,0.542823,0.050860,0.762577,0.343137,0.822765,0.877381,0.238490,0.882567,0.813467,0.326365,0.464414
0.017981,0.287359,1058,1817,1312,2217,2209,2235,2155,3078,2909,1282,3384,2888,1685,2630,,0.203673,0.037485,0.193487,0.544029,0.050112,0.762577,0.343137,0.822002,0.877381,0.238490,0.882567,0.815287,0.327526,0.464414
0.017987,0.305346,1058,1818,1312,2217,2209,2236,2155,3078,2908,1283,3384,2887,1685,2631,,0.203673,0.038694,0.193487,0.544029,0.050112,0.763460,0.343137,0.822002,0.876190,0.239411,0.882567,0.814377,0.327526,0.465133
0.018017,0.323363,1058,1818,1312,2217,2209,2236,2155,3078,2908,1283,3384,2887,1685,2631,,0.203673,0.038694,0.193487,0.544029,0.050112,0.763460,0.343137,0.822002,0.876190,0.239411,0.882567,0.814377,0.327526,0.465133
0.017986,0.341348,1058,1818,1312,2217,2209,2236,2156,3077,2908,1283,3385,2887,1685,2632,,0.203673,0.038694,0.193487,0.544029,0.050112,0.763460,0.344118,0.821238,0.876190,0.239411,0.883777,0.814377,0.327526,0.465852
0.018008,0.359356,1058,1818,1312,2218,2209,2236,2156,3078,2909,1283,3385,2888,1683,2633,,0.203673,0.038694,0.193487,0.545235,0.050112,0.763460,0.344118,0.822002,0.877381,0.239411,0.883777,0.815287,0.325203,0.466571
0.017997,0.377353,1059,1818,1313,2218,2210,2236,2157,3079,2909,1283,3385,2887,1684,2633,,0.205342,0.038694,0.194444,0.545235,0.050860,0.763460,0.345098,0.822765,0.877381,0.239411,0.883777,0.814377,0.326365,0.466571
0.017993,0.395346,1059,1817,1313,2218,2210,2236,2157,3078,2908,1284,3384,2888,1684,2633,,0.205342,0.037485,0.194444,0.545235,0.050860,0.763460,0.345098,0.822002,0.876190,0.240331,0.882567,0.815287,0.326365,0.466571
0.017984,0.413330,1059,1818,1313,2218,2209,2236,2157,3078,2908,1284,3385,2888,1684,2633,,0.205342,0.038694,0.194444,0.545235,0.050112,0.763460,0.345098,0.822002,0.876190,0.240331,0.883777,0.815287,0.326365,0.466571
0.018018,0.431348,1058,1818,1314,2219,2210,2236,2157,3079,2909,1285,3385,2888,1685,2634,,0.203673,0.038694,0.195402,0.546441,0.050860,0.763460,0.345098,0.822765,0.877381,0.241252,0.883777,0.815287,0.327526,0.467290
0.018007,0.449355,1059,1818,1313,2219,2209,2235,2158,3079,2908,1285,3386,2888,1685,2634,,0.205342,0.038694,0.194444,0.546441,0.050112,0.762577,0.346078,0.822765,0.876190,0.241252,0.884988,0.815287,0.327526,0.467290
0.018011,0.467366,1058,1818,1314,2219,2209,2236,2158,3079,2909,1285,3385,2888,1685,2635,,0.203673,0.038694,0.195402,0.546441,0.050112,0.763460,0.346078,0.822765,0.877381,0.241252,0.883777,0.815287,0.327526,0.468009
0.017988,0.485354,1058,1819,1314,2219,2210,2235,2158,3079,2908,1286,3386,2888,1684,2635,,0.203673,0.039903,0.195402,0.546441,0.050860,0.762577,0.346078,0.822765,0.876190,0.242173,0.884988,0.815287,0.326365,0.468009
0.017982,0.503335,1058,1818,1314,2220,2210,2235,2157,3079,2909,1286,3385,2888,1684,2635,,0.203673,0.038694,0.195402,0.547648,0.050860,0.762577,0.345098,0.822765,0.877381,0.242173,0.883777,0.815287,0.326365,0.468009
0.017993,0.521329,1059,1818,1314,2220,2210,2235,2158,3079,2909,1286,3385,2889,1684,2634,,0.205342,0.038694,0.195402,0.547648,0.050860,0.762577,0.346078,0.822765,0.877381,0.242173,0.883777,0.816197,0.326365,0.467290
0.018001,0.539330,1058,1818,1315,2219,2210,2236,2158,3079,2908,1285,3385,2888,1683,2635,,0.203673,0.038694,0.196360,0.546441,0.050860,0.763460,0.346078,0.822765,0.876190,0.241252,0.883777,0.815287,0.325203,0.468009
0.017997,0.557327,1058,1818,1315,2220,2210,2235,2158,3079,2908,1286,3385,2888,1683,2636,,0.203673,0.038694,0.196360,0.547648,0.050860,0.762577,0.346078,0.822765,0.876190,0.242173,0.883777,0.815287,0.325203,0.468728
0.018031,0.575358,1058,1817,1315,2220,2210,2236,2159,3080,2908,1287,3385,2888,1683,2635,,0.203673,0.037485,0.196360,0.547648,0.050860,0.763460,0.347059,0.823529,0.876190,0.243094,0.883777,0.815287,0.325203,0.468009
0.017999,0.593358,1058,1817,1314,2220,2210,2236,2159,3080,2908,1287,3386,2889,1683,2636,,0.203673,0.037485,0.195402,0.547648,0.050860,0.763460,0.347059,0.823529,0.876190,0.243094,0.884988,0.816197,0.325203,0.468728
0.018005,0.611363,1058,1817,1315,2221,2210,2236,2159,3080,2908,1288,3386,2889,1683,2637,,0.203673,0.037485,0.196360,0.548854,0.050860,0.763460,0.347059,0.823529,0.876190,0.244015,0.884988,0.816197,0.325203,0.469446
0.017970,0.629332,1058,1817,1315,2221,2210,2236,2159,3080,2908,1288,3386,2889,1683,2637,,0.203673,0.037485,0.196360,0.548854,0.050860,0.763460,0.347059,0.823529,0.876190,0.244015,0.884988,0.816197,0.325203,0.469446
0.018004,0.647336,1058,1817,1315,2220,2210,2235,2158,3079,2908,1288,3385,2889,1683,2636,,0.203673,0.037485,0.196360,0.547648,0.050860,0.762577,0.346078,0.822765,0.876190,0.244015,0.883777,0.816197,0.325203,0.468728
0.018000,0.665336,1058,1818,1315,2220,2210,2236,2159,3079,2908,1288,3385,2888,1683,2636,,0.203673,0.038694,0.196360,0.547648,0.050860,0.763460,0.347059,0.822765,0.876190,0.244015,0.883777,0.815287,0.325203,0.468728
0.018024,0.683360,1058,1817,1316,2221,2210,2235,2158,3079,2908,1287,3384,2888,1683,2637,,0.203673,0.037485,0.197318,0.548854,0.050860,0.762577,0.346078,0.822765,0.876190,0.243094,0.882567,0.815287,0.325203,0.469446
0.018019,0.701379,1058,1817,1315,2221,2210,2236,2159,3080,2908,1288,3385,2889,1683,2637,,0.203673,0.037485,0.196360,0.548854,0.050860,0.763460,0.347059,0.823529,0.876190,0.244015,0.883777,0.816197,0.325203,0.469446
0.017995,0.719374,1058,1818,1316,2221,2210,2237,2159,3080,2908,1288,3385,2889,1684,2637,,0.203673,0.038694,0.197318,0.548854,0.050860,0.764342,0.347059,0.823529,0.876190,0.244015,0.883777,0.816197,0.326365,0.469446
0.018010,0.737384,1059,1818,1315,2221,2210,2235,2159,3080,2909,1288,3386,2888,1683,2637,,0.205342,0.038694,0.196360,0.548854,0.050860,0.762577,0.347059,0.823529,0.877381,0.244015,0.884988,0.815287,0.325203,0.469446
0.017980,0.755364,1057,1817,1317,2221,2211,2236,2159,3080,2908,1288,3385,2888,1683,2637,,0.202003,0.037485,0.198276,0.548854,0.051608,0.763460,0.347059,0.823529,0.876190,0.244015,0.883777,0.815287,0.325203,0.469446
0.018038,0.773402,1057,1817,1315,2220,2210,2236,2159,3079,2908,1287,3385,2888,1683,2637,,0.202003,0.037485,0.196360,0.547648,0.050860,0.763460,0.347059,0.822765,0.876190,0.243094,0.883777,0.815287,0.325203,0.469446
0.017939,0.791341,1057,1817,1316,2221,2210,2236,2159,3079,2909,1287,3386,2888,1684,2637,,0.202003,0.037485,0.197318,0.548854,0.050860,0.763460,0.347059,0.822765,0.877381,0.243094,0.884988,0.815287,0.326365,0.469446
0.018030,0.809370,1057,1817,1317,2222,2210,2237,2159,3079,2909,1288,3386,2889,1683,2638,,0.202003,0.037485,0.198276,0.550060,0.050860,0.764342,0.347059,0.822765,0.877381,0.244015,0.884988,0.816197,0.325203,0.470165
0.018001,0.827372,1057,1817,1317,2221,2209,2237,2159,3080,2909,1287,3386,2888,1682,2637,,0.202003,0.037485,0.198276,0.548854,0.050112,0.764342,0.347059,0.823529,0.877381,0.243094,0.884988,0.815287,0.324042,0.469446
0.018014,0.845386,1055,1816,1320,2222,2210,2236,2160,3080,2908,1287,3386,2888,1682,2635,,0.198664,0.036276,0.201149,0.550060,0.050860,0.763460,0.348039,0.823529,0.876190,0.243094,0.884988,0.815287,0.324042,0.468009
0.018001,0.863387,1055,1816,1320,2222,2210,2236,2160,3080,2908,1287,3386,2888,1682,2635,,0.198664,0.036276,0.201149,0.550060,0.050860,0.763460,0.348039,0.823529,0.876190,0.243094,0.884988,0.815287,0.324042,0.468009
0.017987,0.881374,1053,1816,1324,2221,2209,2238,2159,3079,2908,1288,3385,2888,1682,2635,,0.195326,0.036276,0.204981,0.548854,0.050112,0.765225,0.347059,0.822765,0.876190,0.244015,0.883777,0.815287,0.324042,0.468009
0.018001,0.899375,1053,1816,1324,2221,2209,2238,2159,3079,2908,1288,3385,2888,1682,2635,,0.195326,0.036276,0.204981,0.548854,0.050112,0.765225,0.347059,0.822765,0.876190,0.244015,0.883777,0.815287,0.324042,0.468009
0.017993,0.917368,1052,1816,1329,2222,2209,2239,2159,3079,2908,1287,3384,2888,1682,2633,,0.193656,0.036276,0.209770,0.550060,0.050112,0.766108,0.347059,0.822765,0.876190,0.243094,0.882567,0.815287,0.324042,0.466571
0.018004,0.935372,1052,1816,1329,2222,2210,2239,2159,3079,2908,1286,3385,2888,1682,2634,,0.193656,0.036276,0.209770,0.550060,0.050860,0.766108,0.347059,0.822765,0.876190,0.242173,0.883777,0.815287,0.324042,0.467290
0.018004,0.953376,1051,1817,1330,2222,2210,2239,2160,3079,2908,1288,3385,2889,1682,2634,,0.191987,0.037485,0.210728,0.550060,0.050860,0.766108,0.348039,0.822765,0.876190,0.244015,0.883777,0.816197,0.324042,0.467290
0.018000,0.971375,1051,1816,1330,2223,2210,2239,2161,3080,2908,1288,3385,2889,1683,2635,,0.191987,0.036276,0.210728,0.551267,0.050860,0.766108,0.349020,0.823529,0.876190,0.244015,0.883777,0.816197,0.325203,0.468009
0.018005,0.989380,1051,1816,1330,2223,2209,2238,2161,3080,2908,1288,3385,2889,1682,2635,,0.191987,0.036276,0.210728,0.551267,0.050112,0.765225,0.349020,0.823529,0.876190,0.244015,0.883777,0.816197,0.324042,0.468009
0.018008,1.007388,1051,1816,1330,2224,2210,2238,2161,3079,2908,1288,3386,2889,1683,2636,,0.191987,0.036276,0.210728,0.552473,0.050860,0.765225,0.349020,0.822765,0.876190,0.244015,0.884988,0.816197,0.325203,0.468728
0.018011,1.025399,1051,1816,1329,2224,2210,2238,2161,3079,2908,1289,3385,2889,1682,2635,,0.191987,0.036276,0.209770,0.552473,0.050860,0.765225,0.349020,0.822765,0.876190,0.244936,0.883777,0.816197,0.324042,0.468009
0.017961,1.043360,1050,1816,1330,2224,2209,2237,2160,3080,2908,1289,3386,2888,1683,2636,,0.190317,0.036276,0.210728,0.552473,0.050112,0.764342,0.348039,0.823529,0.876190,0.244936,0.884988,0.815287,0.325203,0.468728
0.018007,1.061367,1051,1816,1329,2224,2210,2238,2162,3081,2908,1290,3385,2889,1682,2637,,0.191987,0.036276,0.209770,0.552473,0.050860,0.765225,0.350000,0.824293,0.876190,0.245856,0.883777,0.816197,0.324042,0.469446
0.018000,1.079367,1050,1816,1329,2225,2210,2239,2162,3080,2908,1290,3386,2889,1682,2636,,0.190317,0.036276,0.209770,0.553679,0.050860,0.766108,0.350000,0.823529,0.876190,0.245856,0.884988,0.816197,0.324042,0.468728
0.018013,1.097380,1050,1816,1329,2225,2210,2238,2161,3080,2908,1290,3384,2889,1682,2637,,0.190317,0.036276,0.209770,0.553679,0.050860,0.765225,0.349020,0.823529,0.876190,0.245856,0.882567,0.816197,0.324042,0.469446
0.018007,1.115387,1050,1816,1328,2224,2210,2237,2161,3079,2908,1289,3385,2889,1682,2637,,0.190317,0.036276,0.208812,0.552473,0.050860,0.764342,0.349020,0.822765,0.876190,0.244936,0.883777,0.816197,0.324042,0.469446
0.017995,1.133383,1050,1816,1328,2223,2210,2238,2161,3080,2908,1290,3384,2889,1682,2637,,0.190317,0.036276,0.208812,0.551267,0.050860,0.765225,0.349020,0.823529,0.876190,0.245856,0.882567,0.816197,0.324042,0.469446
0.017982,1.151365,1052,1816,1328,2224,2210,2238,2162,3080,2908,1289,3385,2888,1682,2637,,0.193656,0.036276,0.208812,0.552473,0.050860,0.765225,0.350000,0.823529,0.876190,0.244936,0.883777,0.815287,0.324042,0.469446
