GloveManager recording started on 10/20/16 at 16:03:38

,,Glove 1,Glove 1,Glove 1,Glove 1,Glove 1,Glove 1,Glove 1,Glove 1,Glove 1,Glove 1,Glove 1,Glove 1,Glove 1,Glove 1,,Glove 1 Scaled,Glove 1 Scaled,Glove 1 Scaled,Glove 1 Scaled,Glove 1 Scaled,Glove 1 Scaled,Glove 1 Scaled,Glove 1 Scaled,Glove 1 Scaled,Glove 1 Scaled,Glove 1 Scaled,Glove 1 Scaled,Glove 1 Scaled,Glove 1 Scaled
delta time (s), absolute time (s),Thumb Near,Thumb Far,Thumb/Index,Index Near,Index Far,Index/Middle,Middle Near,Middle Far,Middle/Ring,Ring Near,Ring Far,Ring/Little,Little Near,Little Far,,Thumb Near,Thumb Far,Thumb/Index,Index Near,Index Far,Index/Middle,Middle Near,Middle Far,Middle/Ring,Ring Near,Ring Far,Ring/Little,Little Near,Little Far
0.017457,0.017457,1176,1991,1296,2186,2363,2103,2434,3180,2739,1558,3494,2896,1763,2734,,0.400668,0.247884,0.178161,0.506634,0.165295,0.646072,0.616667,0.899924,0.675000,0.492634,1.000000,0.822566,0.418118,0.539180
0.018009,0.035466,1176,1990,1296,2189,2363,2104,2434,3179,2740,1560,3494,2895,1764,2735,,0.400668,0.246675,0.178161,0.510253,0.165295,0.646955,0.616667,0.899160,0.676190,0.494475,0.998810,0.821656,0.419280,0.539899
0.018015,0.053481,1176,1990,1297,2191,2363,2105,2434,3179,2739,1561,3495,2895,1764,2734,,0.400668,0.246675,0.179119,0.512666,0.165295,0.647838,0.616667,0.899160,0.675000,0.495396,1.000000,0.821656,0.419280,0.539180
0.018000,0.071481,1176,1991,1296,2193,2363,2108,2434,3179,2739,1562,3494,2895,1765,2733,,0.400668,0.247884,0.178161,0.515078,0.165295,0.650485,0.616667,0.899160,0.675000,0.496317,0.998810,0.821656,0.420441,0.538462
0.018003,0.089484,1176,1991,1297,2195,2364,2109,2433,3179,2739,1562,3493,2896,1766,2732,,0.400668,0.247884,0.179119,0.517491,0.166043,0.651368,0.615686,0.899160,0.675000,0.496317,0.997619,0.822566,0.421603,0.537743
0.018009,0.107493,1175,1990,1297,2196,2363,2111,2433,3180,2738,1563,3493,2896,1765,2732,,0.398998,0.246675,0.179119,0.518697,0.165295,0.653133,0.615686,0.899924,0.673810,0.497238,0.997619,0.822566,0.420441,0.537743
0.018027,0.125520,1175,1990,1295,2198,2363,2111,2434,3178,2738,1563,3493,2895,1765,2732,,0.398998,0.246675,0.177203,0.521110,0.165295,0.653133,0.616667,0.898396,0.673810,0.497238,0.997619,0.821656,0.420441,0.537743
0.017965,0.143485,1175,1990,1295,2199,2362,2113,2433,3180,2738,1564,3493,2896,1766,2732,,0.398998,0.246675,0.177203,0.522316,0.164547,0.654899,0.615686,0.899924,0.673810,0.498158,0.997619,0.822566,0.421603,0.537743
0.017975,0.161461,1174,1991,1296,2199,2362,2113,2433,3179,2739,1564,3492,2895,1767,2732,,0.397329,0.247884,0.178161,0.522316,0.164547,0.654899,0.615686,0.899160,0.675000,0.498158,0.996429,0.821656,0.422764,0.537743
0.018024,0.179485,1174,1990,1295,2202,2361,2114,2433,3179,2738,1565,3493,2895,1767,2731,,0.397329,0.246675,0.177203,0.525935,0.163800,0.655781,0.615686,0.899160,0.673810,0.499079,0.997619,0.821656,0.422764,0.537024
0.018010,0.197495,1175,1991,1296,2202,2362,2114,2433,3179,2738,1566,3493,2895,1767,2730,,0.398998,0.247884,0.178161,0.525935,0.164547,0.655781,0.615686,0.899160,0.673810,0.500000,0.997619,0.821656,0.422764,0.536305
0.017992,0.215487,1174,1991,1295,2203,2362,2115,2434,3179,2738,1566,3493,2894,1767,2730,,0.397329,0.247884,0.177203,0.527141,0.164547,0.656664,0.616667,0.899160,0.673810,0.500000,0.997619,0.820746,0.422764,0.536305
0.018010,0.233497,1174,1992,1295,2204,2361,2115,2434,3179,2738,1566,3493,2895,1767,2730,,0.397329,0.249093,0.177203,0.528347,0.163800,0.656664,0.616667,0.899160,0.673810,0.500000,0.997619,0.821656,0.422764,0.536305
0.017982,0.251479,1174,1991,1294,2204,2362,2117,2435,3179,2739,1567,3493,2895,1768,2730,,0.397329,0.247884,0.176245,0.528347,0.164547,0.658429,0.617647,0.899160,0.675000,0.500921,0.997619,0.821656,0.423926,0.536305
0.018019,0.269498,1174,1992,1294,2205,2362,2117,2435,3179,2739,1568,3493,2895,1767,2730,,0.397329,0.249093,0.176245,0.529554,0.164547,0.658429,0.617647,0.899160,0.675000,0.501842,0.997619,0.821656,0.422764,0.536305
0.017971,0.287469,1173,1991,1294,2205,2361,2117,2435,3178,2737,1567,3494,2895,1768,2728,,0.395659,0.247884,0.176245,0.529554,0.163800,0.658429,0.617647,0.898396,0.672619,0.500921,0.998810,0.821656,0.423926,0.534867
0.018024,0.305493,1173,1991,1294,2205,2361,2117,2435,3178,2737,1567,3494,2895,1768,2728,,0.395659,0.247884,0.176245,0.529554,0.163800,0.658429,0.617647,0.898396,0.672619,0.500921,0.998810,0.821656,0.423926,0.534867
0.018007,0.323500,1174,1992,1293,2208,2361,2119,2435,3179,2738,1568,3492,2895,1768,2729,,0.397329,0.249093,0.175287,0.533172,0.163800,0.660194,0.617647,0.899160,0.673810,0.501842,0.996429,0.821656,0.423926,0.535586
0.017993,0.341493,1174,1992,1294,2209,2361,2119,2436,3179,2737,1568,3493,2894,1769,2729,,0.397329,0.249093,0.176245,0.534379,0.163800,0.660194,0.618627,0.899160,0.672619,0.501842,0.997619,0.820746,0.425087,0.535586
0.017999,0.359493,1175,1991,1294,2210,2361,2121,2436,3179,2738,1568,3493,2894,1769,2728,,0.398998,0.247884,0.176245,0.535585,0.163800,0.661959,0.618627,0.899160,0.673810,0.501842,0.997619,0.820746,0.425087,0.534867
0.018001,0.377494,1174,1991,1293,2213,2361,2124,2436,3178,2738,1568,3492,2895,1769,2727,,0.397329,0.247884,0.175287,0.539204,0.163800,0.664607,0.618627,0.898396,0.673810,0.501842,0.996429,0.821656,0.425087,0.534148
0.018001,0.395496,1174,1991,1293,2213,2361,2124,2436,3178,2738,1568,3492,2895,1769,2727,,0.397329,0.247884,0.175287,0.539204,0.163800,0.664607,0.618627,0.898396,0.673810,0.501842,0.996429,0.821656,0.425087,0.534148
0.017986,0.413482,1174,1992,1293,2214,2360,2125,2435,3178,2737,1568,3492,2895,1769,2727,,0.397329,0.249093,0.175287,0.540410,0.163052,0.665490,0.617647,0.898396,0.672619,0.501842,0.996429,0.821656,0.425087,0.534148
0.018026,0.431508,1175,1992,1294,2215,2360,2126,2436,3179,2737,1569,3492,2895,1769,2726,,0.398998,0.249093,0.176245,0.541616,0.163052,0.666372,0.618627,0.899160,0.672619,0.502762,0.996429,0.821656,0.425087,0.533429
0.017950,0.449458,1174,1992,1294,2216,2360,2126,2436,3178,2737,1569,3493,2895,1770,2726,,0.397329,0.249093,0.176245,0.542823,0.163052,0.666372,0.618627,0.898396,0.672619,0.502762,0.997619,0.821656,0.426249,0.533429
0.018043,0.467501,1175,1992,1293,2215,2360,2125,2436,3179,2737,1569,3492,2896,1770,2725,,0.398998,0.249093,0.175287,0.541616,0.163052,0.665490,0.618627,0.899160,0.672619,0.502762,0.996429,0.822566,0.426249,0.532710
0.018014,0.485515,1175,1992,1293,2216,2360,2126,2437,3179,2737,1570,3492,2895,1770,2726,,0.398998,0.249093,0.175287,0.542823,0.163052,0.666372,0.619608,0.899160,0.672619,0.503683,0.996429,0.821656,0.426249,0.533429
0.017997,0.503512,1175,1992,1293,2216,2360,2126,2437,3179,2737,1570,3492,2895,1770,2726,,0.398998,0.249093,0.175287,0.542823,0.163052,0.666372,0.619608,0.899160,0.672619,0.503683,0.996429,0.821656,0.426249,0.533429
0.017998,0.521510,1174,1992,1293,2216,2359,2126,2437,3179,2736,1571,3493,2895,1771,2725,,0.397329,0.249093,0.175287,0.542823,0.162304,0.666372,0.619608,0.899160,0.671429,0.504604,0.997619,0.821656,0.427410,0.532710
0.017969,0.539479,1174,1992,1293,2216,2359,2126,2437,3179,2736,1571,3493,2895,1771,2725,,0.397329,0.249093,0.175287,0.542823,0.162304,0.666372,0.619608,0.899160,0.671429,0.504604,0.997619,0.821656,0.427410,0.532710
0.018025,0.557504,1175,1992,1292,2216,2360,2126,2438,3179,2736,1571,3493,2895,1771,2724,,0.398998,0.249093,0.174330,0.542823,0.163052,0.666372,0.620588,0.899160,0.671429,0.504604,0.997619,0.821656,0.427410,0.531991
0.017984,0.575488,1174,1992,1292,2216,2360,2126,2437,3179,2736,1572,3493,2895,1771,2725,,0.397329,0.249093,0.174330,0.542823,0.163052,0.666372,0.619608,0.899160,0.671429,0.505525,0.997619,0.821656,0.427410,0.532710
0.018031,0.593518,1174,1992,1291,2217,2359,2129,2437,3179,2737,1573,3493,2894,1773,2724,,0.397329,0.249093,0.173372,0.544029,0.162304,0.669020,0.619608,0.899160,0.672619,0.506446,0.997619,0.820746,0.429733,0.531991
0.018007,0.611526,1174,1992,1291,2217,2359,2129,2437,3179,2737,1573,3493,2894,1773,2724,,0.397329,0.249093,0.173372,0.544029,0.162304,0.669020,0.619608,0.899160,0.672619,0.506446,0.997619,0.820746,0.429733,0.531991
0.018005,0.629531,1174,1993,1292,2219,2360,2131,2438,3179,2736,1574,3492,2896,1774,2721,,0.397329,0.250302,0.174330,0.546441,0.163052,0.670786,0.620588,0.899160,0.671429,0.507366,0.996429,0.822566,0.430894,0.529835
0.017985,0.647515,1174,1993,1292,2219,2360,2131,2438,3179,2736,1574,3492,2896,1774,2721,,0.397329,0.250302,0.174330,0.546441,0.163052,0.670786,0.620588,0.899160,0.671429,0.507366,0.996429,0.822566,0.430894,0.529835
0.017976,0.665491,1172,1992,1291,2219,2361,2132,2437,3179,2735,1575,3493,2896,1775,2720,,0.393990,0.249093,0.173372,0.546441,0.163800,0.671668,0.619608,0.899160,0.670238,0.508287,0.997619,0.822566,0.432056,0.529116
0.018033,0.683524,1172,1992,1291,2219,2359,2132,2436,3179,2736,1575,3493,2896,1775,2720,,0.393990,0.249093,0.173372,0.546441,0.162304,0.671668,0.618627,0.899160,0.671429,0.508287,0.997619,0.822566,0.432056,0.529116
0.017967,0.701492,1172,1992,1291,2219,2359,2133,2437,3179,2735,1575,3493,2896,1775,2720,,0.393990,0.249093,0.173372,0.546441,0.162304,0.672551,0.619608,0.899160,0.670238,0.508287,0.997619,0.822566,0.432056,0.529116
0.018029,0.719521,1172,1992,1291,2221,2360,2134,2437,3178,2735,1576,3494,2895,1776,2719,,0.393990,0.249093,0.173372,0.548854,0.163052,0.673433,0.619608,0.898396,0.670238,0.509208,0.998810,0.821656,0.433217,0.528397
0.017997,0.737518,1172,1992,1291,2221,2360,2134,2437,3179,2735,1576,3494,2896,1775,2718,,0.393990,0.249093,0.173372,0.548854,0.163052,0.673433,0.619608,0.899160,0.670238,0.509208,0.998810,0.822566,0.432056,0.527678
0.017975,0.755493,1172,1993,1291,2222,2360,2134,2437,3179,2735,1577,3494,2896,1776,2719,,0.393990,0.250302,0.173372,0.550060,0.163052,0.673433,0.619608,0.899160,0.670238,0.510129,0.998810,0.822566,0.433217,0.528397
0.018061,0.773553,1172,1993,1291,2223,2361,2134,2438,3180,2735,1577,3494,2896,1776,2720,,0.393990,0.250302,0.173372,0.551267,0.163800,0.673433,0.620588,0.899924,0.670238,0.510129,0.998810,0.822566,0.433217,0.529116
0.017916,0.791470,1172,1993,1292,2222,2360,2135,2437,3180,2736,1577,3494,2896,1776,2719,,0.393990,0.250302,0.174330,0.550060,0.163052,0.674316,0.619608,0.899924,0.671429,0.510129,0.998810,0.822566,0.433217,0.528397
0.018076,0.809545,1172,1992,1292,2222,2360,2135,2437,3179,2735,1577,3493,2897,1776,2719,,0.393990,0.249093,0.174330,0.550060,0.163052,0.674316,0.619608,0.899160,0.670238,0.510129,0.997619,0.823476,0.433217,0.528397
0.017954,0.827499,1172,1993,1293,2222,2361,2136,2437,3178,2735,1577,3494,2897,1775,2718,,0.393990,0.250302,0.175287,0.550060,0.163800,0.675199,0.619608,0.898396,0.670238,0.510129,0.998810,0.823476,0.432056,0.527678
0.018026,0.845525,1172,1993,1292,2222,2361,2136,2437,3179,2734,1576,3493,2896,1776,2718,,0.393990,0.250302,0.174330,0.550060,0.163800,0.675199,0.619608,0.899160,0.669048,0.509208,0.997619,0.822566,0.433217,0.527678
0.018004,0.863529,1173,1992,1292,2223,2360,2138,2437,3179,2735,1576,3493,2897,1776,2717,,0.395659,0.249093,0.174330,0.551267,0.163052,0.676964,0.619608,0.899160,0.670238,0.509208,0.997619,0.823476,0.433217,0.526959
0.018020,0.881550,1173,1992,1292,2223,2360,2138,2437,3179,2735,1576,3493,2897,1776,2717,,0.395659,0.249093,0.174330,0.551267,0.163052,0.676964,0.619608,0.899160,0.670238,0.509208,0.997619,0.823476,0.433217,0.526959
0.017954,0.899504,1172,1991,1292,2223,2360,2138,2436,3178,2734,1576,3493,2897,1774,2718,,0.393990,0.247884,0.174330,0.551267,0.163052,0.676964,0.618627,0.898396,0.669048,0.509208,0.997619,0.823476,0.430894,0.527678
0.018002,0.917506,1172,1991,1292,2223,2360,2138,2436,3178,2734,1576,3493,2897,1774,2717,,0.393990,0.247884,0.174330,0.551267,0.163052,0.676964,0.618627,0.898396,0.669048,0.509208,0.997619,0.823476,0.430894,0.526959
0.018037,0.935543,1173,1992,1292,2223,2360,2138,2435,3179,2734,1574,3494,2897,1773,2718,,0.395659,0.249093,0.174330,0.551267,0.163052,0.676964,0.617647,0.899160,0.669048,0.507366,0.998810,0.823476,0.429733,0.527678
0.017961,0.953504,1173,1991,1293,2223,2359,2139,2435,3179,2734,1575,3493,2897,1773,2718,,0.395659,0.247884,0.175287,0.551267,0.162304,0.677846,0.617647,0.899160,0.669048,0.508287,0.997619,0.823476,0.429733,0.527678
0.018033,0.971537,1173,1991,1292,2225,2360,2140,2436,3179,2734,1575,3494,2898,1774,2718,,0.395659,0.247884,0.174330,0.553679,0.163052,0.678729,0.618627,0.899160,0.669048,0.508287,0.998810,0.824386,0.430894,0.527678
0.017990,0.989527,1173,1991,1292,2225,2360,2140,2436,3179,2734,1575,3494,2898,1774,2718,,0.395659,0.247884,0.174330,0.553679,0.163052,0.678729,0.618627,0.899160,0.669048,0.508287,0.998810,0.824386,0.430894,0.527678
0.018030,1.007557,1173,1991,1293,2224,2359,2140,2435,3178,2734,1575,3493,2898,1773,2717,,0.395659,0.247884,0.175287,0.552473,0.162304,0.678729,0.617647,0.898396,0.669048,0.508287,0.997619,0.824386,0.429733,0.526959
0.017993,1.025550,1173,1991,1292,2223,2360,2140,2436,3179,2734,1574,3494,2898,1773,2718,,0.395659,0.247884,0.174330,0.551267,0.163052,0.678729,0.618627,0.899160,0.669048,0.507366,0.998810,0.824386,0.429733,0.527678
0.017981,1.043531,1173,1990,1292,2224,2359,2140,2435,3179,2733,1575,3493,2898,1773,2718,,0.395659,0.246675,0.174330,0.552473,0.162304,0.678729,0.617647,0.899160,0.667857,0.508287,0.997619,0.824386,0.429733,0.527678
0.018021,1.061552,1173,1990,1292,2224,2359,2140,2436,3179,2734,1574,3493,2897,1773,2718,,0.395659,0.246675,0.174330,0.552473,0.162304,0.678729,0.618627,0.899160,0.669048,0.507366,0.997619,0.823476,0.429733,0.527678
0.017961,1.079513,1173,1991,1293,2224,2359,2140,2436,3179,2734,1575,3494,2898,1773,2718,,0.395659,0.247884,0.175287,0.552473,0.162304,0.678729,0.618627,0.899160,0.669048,0.508287,0.998810,0.824386,0.429733,0.527678
0.018035,1.097548,1173,1991,1293,2224,2359,2140,2434,3179,2734,1574,3493,2898,1772,2717,,0.395659,0.247884,0.175287,0.552473,0.162304,0.678729,0.616667,0.899160,0.669048,0.507366,0.997619,0.824386,0.428571,0.526959
0.017975,1.115523,1173,1991,1293,2224,2359,2140,2434,3179,2734,1574,3493,2898,1772,2717,,0.395659,0.247884,0.175287,0.552473,0.162304,0.678729,0.616667,0.899160,0.669048,0.507366,0.997619,0.824386,0.428571,0.526959
0.018014,1.133536,1173,1990,1292,2224,2359,2141,2435,3179,2734,1574,3493,2898,1773,2716,,0.395659,0.246675,0.174330,0.552473,0.162304,0.679612,0.617647,0.899160,0.669048,0.507366,0.997619,0.824386,0.429733,0.526240
0.017979,1.151515,1173,1990,1292,2224,2359,2141,2435,3179,2734,1574,3493,2898,1773,2716,,0.395659,0.246675,0.174330,0.552473,0.162304,0.679612,0.617647,0.899160,0.669048,0.507366,0.997619,0.824386,0.429733,0.526240
0.018002,1.169518,1173,1991,1293,2223,2359,2141,2432,3180,2734,1574,3493,2898,1774,2715,,0.395659,0.247884,0.175287,0.551267,0.162304,0.679612,0.614706,0.899924,0.669048,0.507366,0.997619,0.824386,0.430894,0.525521
